[(   1,   2), (   2,   3), (   3,   4), (   4,   5), (   5,   6), (   6,   7), (   7,   8), (   8,   9), (   9,  10), (  10,  11), (  11,  12), (  12,  13), (  13,  14), (  14,  15), (  15,  16), (  16,  17), (  17,  18), (  18,  19), (  19,  20), (  20,  21), (  21,  22), (  22,  23), (  23,  24), (  24,  25), (  25,  26), (  26,  27), (  27,  28), (  28,  29), (  29,  30), (  30,  31), (  31,  32), (  32,  33), (  33,  34), (  34,  35), (  35,  36), (  36,  37), (  37,  38), (  38,  39), (  39,  40), (  40,  41), (  41,  42)]
[(  21,  23), (   5,   7), (  13,  15), (  32,  34), (  40,  42), (  17,  19), (   2,   4), (  35,  37), (  34,  36), (  12,  14), (  37,  39), (  38,  40), (  19,  21), (  27,  29), (  18,  20), (  30,  32), (  33,  35), (  31,  33), (  25,  27), (  15,  17), (  42,   1), (  26,  28), (  16,  18), (  10,  12), (   8,  10), (  11,  13), (  23,  25), (  14,  16), (  22,  24), (   3,   5), (   4,   6), (  29,  31), (   7,   9), (   6,   8), (  39,  41), (  24,  26), (   1,   3), (   9,  11), (  28,  30), (  36,  38), (  20,  22)]
[(  37,  40), (  29,  32), (  31,  34), (  35,  38), (  27,  30), (  10,  13), (  14,  17), (  28,  31), (   4,   7), (  25,  28), (  23,  26), (  33,  36), (  22,  25), (  32,  35), (  39,  42), (  24,  27), (   6,   9), (  21,  24), (   2,   5), (  42,   2), (  20,  23), (  41,   1), (  38,  41), (  19,  22), (  34,  37), (  16,  19), (   1,   4), (   8,  11), (  18,  21), (   7,  10), (  17,  20), (  15,  18), (  36,  39), (  12,  15), (  26,  29), (  30,  33), (  13,  16), (   5,   8), (   9,  12), (  11,  14), (   3,   6)]
[(  35,  39), (  30,  34), (  10,  14), (  14,  18), (  28,  32), (  23,  27), (  22,  26), (  19,  23), (   8,  12), (  18,  22), (  34,  38), (  27,  31), (  36,  40), (  40,   1), (  32,  36), (   2,   6), (  15,  19), (  26,  30), (   6,  10), (   1,   5), (  41,   2), (  38,  42), (  33,  37), (  13,  17), (  24,  28), (  37,  41), (   7,  11), (  42,   3), (   3,   7), (  12,  16), (   5,   9), (  21,  25), (  31,  35), (  20,  24), (  17,  21), (  16,  20), (  11,  15), (  25,  29), (  29,  33), (   9,  13), (   4,   8)]
[(  11,  16), (  42,   4), (  17,  22), (  25,  30), (   4,   9), (   9,  14), (  35,  40), (   7,  12), (  33,  38), (  32,  37), (  14,  19), (  37,  42), (  28,  33), (  23,  28), (  26,  31), (  18,  23), (   2,   7), (  40,   2), (   8,  13), (  22,  27), (  19,  24), (  16,  21), (  30,  35), (  41,   3), (  36,  41), (  20,  25), (  12,  17), (  15,  20), (  10,  15), (   1,   6), (  24,  29), (   6,  11), (   5,  10), (  31,  36), (   3,   8), (  29,  34), (  34,  39), (  13,  18), (  21,  26), (  39,   1), (  27,  32)]
[(   9,  15), (  10,  16), (  30,  36), (  17,  23), (  29,  35), (  31,  37), (  42,   5), (  14,  20), (  11,  17), (  33,  39), (  15,  21), (  18,  24), (  12,  18), (  41,   4), (  13,  19), (  35,  41), (  16,  22), (   5,  11), (  36,  42), (  34,  40), (  40,   3), (   3,   9), (   1,   7), (  32,  38), (  21,  27), (   2,   8), (  24,  30), (  39,   2), (  25,  31), (  19,  25), (  22,  28), (   4,  10), (  26,  32), (  23,  29), (  38,   1), (   6,  12), (   8,  14), (  20,  26), (   7,  13), (  27,  33), (  28,  34)]
[(  42,   6), (  31,  38), (  38,   2), (  19,  26), (  15,  22), (  32,  39), (  30,  37), (  39,   3), (  16,  23), (   8,  15), (  13,  20), (   1,   8), (  10,  17), (  24,  31), (  27,  34), (  22,  29), (   3,  10), (  34,  41), (   7,  14), (  25,  32), (  18,  25), (  11,  18), (  29,  36), (   2,   9), (  33,  40), (  14,  21), (   9,  16), (  12,  19), (  26,  33), (  35,  42), (  23,  30), (  28,  35), (  20,  27), (  40,   4), (   6,  13), (   4,  11), (  21,  28), (  17,  24), (  41,   5), (   5,  12), (  37,   1)]
[(  12,  20), (  19,  27), (  42,   7), (   2,  10), (  10,  18), (  30,  38), (  13,  21), (  21,  29), (  27,  35), (  40,   5), (  41,   6), (  15,  23), (   3,  11), (  11,  19), (   1,   9), (   7,  15), (  29,  37), (   4,  12), (  26,  34), (  18,  26), (  39,   4), (  17,  25), (   9,  17), (  31,  39), (   6,  14), (  28,  36), (  34,  42), (  24,  32), (  32,  40), (  20,  28), (  37,   2), (  38,   3), (   8,  16), (  14,  22), (  22,  30), (   5,  13), (  25,  33), (  33,  41), (  36,   1), (  16,  24), (  23,  31)]
[(  19,  28), (  26,  35), (   9,  18), (  33,  42), (  36,   2), (  12,  21), (  11,  20), (  13,  22), (  31,  40), (  38,   4), (  42,   8), (  30,  39), (   6,  15), (   7,  16), (  29,  38), (  10,  19), (  32,  41), (  16,  25), (  37,   3), (  14,  23), (  17,  26), (  20,  29), (  40,   6), (  18,  27), (   2,  11), (  24,  33), (   5,  14), (  27,  36), (  28,  37), (   4,  13), (  35,   1), (  39,   5), (   3,  12), (  21,  30), (  23,  32), (  22,  31), (  41,   7), (   1,  10), (  25,  34), (   8,  17), (  15,  24)]
[(  24,  34), (  13,  23), (  19,  29), (   6,  16), (  11,  21), (  35,   2), (  39,   6), (  32,  42), (  18,  28), (  26,  36), (  40,   7), (  10,  20), (  31,  41), (   8,  18), (   4,  14), (  42,   9), (  30,  40), (  17,  27), (  21,  31), (  28,  38), (  38,   5), (   5,  15), (  12,  22), (  16,  26), (   3,  13), (  34,   1), (  29,  39), (  25,  35), (   2,  12), (  23,  33), (  36,   3), (   7,  17), (  15,  25), (   1,  11), (  37,   4), (  41,   8), (  22,  32), (  27,  37), (  14,  24), (  20,  30), (   9,  19)]
[(  25,  36), (  17,  28), (   1,  12), (  13,  24), (   8,  19), (   4,  15), (  23,  34), (  38,   6), (  14,  25), (  30,  41), (  22,  33), (  11,  22), (  27,  38), (  42,  10), (   6,  17), (  36,   4), (  20,  31), (  35,   3), (  29,  40), (  41,   9), (  16,  27), (  34,   2), (   3,  14), (  40,   8), (  12,  23), (  39,   7), (  26,  37), (  33,   1), (   5,  16), (  21,  32), (  10,  21), (   2,  13), (  18,  29), (  37,   5), (   9,  20), (  28,  39), (  24,  35), (  19,  30), (  31,  42), (  15,  26), (   7,  18)]
[(  10,  22), (   8,  20), (  25,  37), (  29,  41), (  13,  25), (  34,   3), (  12,  24), (  24,  36), (  32,   1), (   9,  21), (  17,  29), (  35,   4), (  30,  42), (  33,   2), (  11,  23), (  28,  40), (  26,  38), (  38,   7), (  16,  28), (   4,  16), (  37,   6), (  27,  39), (  15,  27), (  36,   5), (   5,  17), (   3,  15), (  20,  32), (  41,  10), (   1,  13), (  39,   8), (  14,  26), (  22,  34), (  42,  11), (   7,  19), (  19,  31), (  40,   9), (  18,  30), (   2,  14), (   6,  18), (  23,  35), (  21,  33)]
[(  38,   8), (   9,  22), (  11,  24), (   7,  20), (  37,   7), (  20,  33), (  25,  38), (   2,  15), (  13,  26), (  16,  29), (  18,  31), (   3,  16), (  24,  37), (  39,   9), (  22,  35), (  26,  39), (  42,  12), (  29,  42), (  41,  11), (  33,   3), (  15,  28), (  40,  10), (  32,   2), (   1,  14), (  31,   1), (   4,  17), (   8,  21), (  34,   4), (   6,  19), (  27,  40), (  12,  25), (  14,  27), (  17,  30), (  28,  41), (   5,  18), (  10,  23), (  36,   6), (  23,  36), (  19,  32), (  21,  34), (  35,   5)]
[(  33,   4), (  25,  39), (  21,  35), (  40,  11), (  24,  38), (  26,  40), (  15,  29), (  27,  41), (   6,  20), (  20,  34), (  30,   1), (   7,  21), (  34,   5), (  12,  26), (  41,  12), (  37,   8), (  13,  27), (   1,  15), (  18,  32), (  10,  24), (  36,   7), (  19,  33), (  11,  25), (  28,  42), (  16,  30), (  35,   6), (  31,   2), (  17,  31), (  38,   9), (  22,  36), (  42,  13), (   9,  23), (  23,  37), (   2,  16), (  14,  28), (   3,  17), (   5,  19), (  32,   3), (   8,  22), (   4,  18), (  39,  10)]
[(  17,  32), (   6,  21), (  26,  41), (  37,   9), (  16,  31), (   1,  16), (  18,  33), (  33,   5), (  30,   2), (  31,   3), (  32,   4), (  19,  34), (  29,   1), (  21,  36), (  25,  40), (   5,  20), (  24,  39), (   8,  23), (  15,  30), (  36,   8), (  14,  29), (  35,   7), (  13,  28), (  20,  35), (   4,  19), (  23,  38), (   3,  18), (   7,  22), (  42,  14), (   9,  24), (  39,  11), (  40,  12), (  41,  13), (  38,  10), (  10,  25), (  27,  42), (  12,  27), (  34,   6), (   2,  17), (  22,  37), (  11,  26)]
[(  14,  30), (  41,  14), (  16,  32), (  12,  28), (  39,  12), (  25,  41), (  28,   1), (  10,  26), (   3,  19), (   1,  17), (  36,   9), (   9,  25), (   7,  23), (  30,   3), (  37,  10), (  38,  11), (   5,  21), (   6,  22), (  23,  39), (  19,  35), (  35,   8), (   8,  24), (   4,  20), (  21,  37), (  22,  38), (  32,   5), (  33,   6), (  40,  13), (  20,  36), (  18,  34), (  34,   7), (  26,  42), (  24,  40), (  17,  33), (  42,  15), (   2,  18), (  31,   4), (  15,  31), (  11,  27), (  29,   2), (  13,  29)]
[(  29,   3), (  37,  11), (  23,  40), (  27,   1), (  17,  34), (  11,  28), (  19,  36), (   1,  18), (  22,  39), (   2,  19), (  10,  27), (  28,   2), (  35,   9), (   5,  22), (  33,   7), (  14,  31), (   8,  25), (  20,  37), (  38,  12), (  39,  13), (  13,  30), (  30,   4), (  31,   5), (   6,  23), (  18,  35), (  12,  29), (  36,  10), (  21,  38), (  34,   8), (  41,  15), (  16,  33), (  24,  41), (   4,  21), (  25,  42), (   7,  24), (  15,  32), (   9,  26), (  42,  16), (   3,  20), (  32,   6), (  40,  14)]
[(  13,  31), (  15,  33), (  33,   8), (  21,  39), (  26,   1), (  18,  36), (  41,  16), (  16,  34), (  24,  42), (   6,  24), (  28,   3), (  14,  32), (   2,  20), (  20,  38), (  30,   5), (   3,  21), (  36,  11), (  39,  14), (  17,  35), (  37,  12), (  34,   9), (  31,   6), (   8,  26), (  29,   4), (  32,   7), (  22,  40), (  38,  13), (   5,  23), (  23,  41), (  11,  29), (  40,  15), (  19,  37), (   1,  19), (   9,  27), (  27,   2), (   7,  25), (  42,  17), (   4,  22), (  35,  10), (  10,  28), (  12,  30)]
[(   7,  26), (  36,  12), (  20,  39), (   3,  22), (  14,  33), (   5,  24), (  27,   3), (  11,  30), (  29,   5), (  23,  42), (  16,  35), (  41,  17), (  32,   8), (   6,  25), (   2,  21), (  25,   1), (  28,   4), (   9,  28), (  33,   9), (  30,   6), (  12,  31), (  37,  13), (  34,  10), (  15,  34), (  39,  15), (  42,  18), (  22,  41), (  18,  37), (  35,  11), (  26,   2), (   8,  27), (   1,  20), (  38,  14), (  13,  32), (  40,  16), (  19,  38), (  10,  29), (  21,  40), (   4,  23), (  31,   7), (  17,  36)]
[(  41,  18), (  24,   1), (  28,   5), (  31,   8), (   3,  23), (  22,  42), (  32,   9), (  40,  17), (  21,  41), (   7,  27), (   5,  25), (  29,   6), (  39,  16), (  17,  37), (   8,  28), (  13,  33), (  14,  34), (  36,  13), (   4,  24), (  11,  31), (  33,  10), (  12,  32), (  19,  39), (  30,   7), (   9,  29), (  10,  30), (  15,  35), (   6,  26), (  27,   4), (  37,  14), (  18,  38), (  16,  36), (   2,  22), (  26,   3), (  34,  11), (   1,  21), (  20,  40), (  35,  12), (  38,  15), (  42,  19), (  25,   2)]
[(  27,   5), (  40,  18), (   6,  27), (  15,  36), (  20,  41), (   8,  29), (  10,  31), (   4,  25), (  37,  15), (  35,  13), (  24,   2), (   5,  26), (  26,   4), (  13,  34), (   3,  24), (  34,  12), (  23,   1), (  32,  10), (   1,  22), (  29,   7), (  11,  32), (  36,  14), (  21,  42), (  33,  11), (  42,  20), (  31,   9), (  19,  40), (   9,  30), (  39,  17), (  17,  38), (  41,  19), (  30,   8), (  28,   6), (  18,  39), (  12,  33), (  14,  35), (   2,  23), (   7,  28), (  16,  37), (  25,   3), (  38,  16)]