[(   1,   2), (   2,   3), (   3,   4), (   4,   5), (   5,   6), (   6,   7), (   7,   8), (   8,   9), (   9,  10), (  10,  11), (  11,  12), (  12,  13), (  13,  14), (  14,  15), (  15,  16), (  16,  17), (  17,  18), (  18,  19), (  19,  20), (  20,  21), (  21,  22), (  22,  23), (  23,  24), (  24,  25), (  25,  26), (  26,  27), (  27,  28), (  28,  29), (  29,  30), (  30,  31), (  31,  32), (  32,  33), (  33,  34), (  34,  35), (  35,  36), (  36,  37), (  37,  38), (  38,  39), (  39,  40), (  40,  41), (  41,  42)]
[(  38,  40), (  39,  41), (   5,   7), (  12,  14), (  25,  27), (  23,  25), (  24,  26), (  11,  13), (  33,  35), (  35,  37), (  26,  28), (  20,  22), (   4,   6), (  40,  42), (  27,  29), (  31,  33), (  19,  21), (   9,  11), (  13,  15), (   7,   9), (  42,   1), (  34,  36), (  28,  30), (  32,  34), (  22,  24), (  10,  12), (  14,  16), (   1,   3), (  37,  39), (  21,  23), (  15,  17), (   6,   8), (   8,  10), (  30,  32), (  17,  19), (  18,  20), (  16,  18), (  29,  31), (  36,  38), (   2,   4), (   3,   5)]
[(  16,  19), (   8,  11), (  42,   2), (  10,  13), (  34,  37), (  12,  15), (  14,  17), (  35,  38), (  29,  32), (  19,  22), (   1,   4), (  25,  28), (  38,  41), (   9,  12), (  37,  40), (  27,  30), (  22,  25), (  23,  26), (  36,  39), (  33,  36), (  20,  23), (   7,  10), (   4,   7), (  17,  20), (  18,  21), (  13,  16), (   3,   6), (  31,  34), (   2,   5), (  15,  18), (  39,  42), (  21,  24), (  11,  14), (   5,   8), (  26,  29), (  28,  31), (   6,   9), (  30,  33), (  41,   1), (  32,  35), (  24,  27)]
[(  14,  18), (  33,  37), (  26,  30), (  22,  26), (  15,  19), (  27,  31), (  42,   3), (  20,  24), (  34,  38), (  29,  33), (  37,  41), (  30,  34), (  18,  22), (  16,  20), (  32,  36), (  28,  32), (  36,  40), (  35,  39), (   1,   5), (   8,  12), (  41,   2), (  31,  35), (  38,  42), (   4,   8), (   3,   7), (  11,  15), (   7,  11), (  23,  27), (  21,  25), (   9,  13), (   2,   6), (  10,  14), (   5,   9), (  19,  23), (  40,   1), (  12,  16), (  24,  28), (  17,  21), (  13,  17), (   6,  10), (  25,  29)]
[(  17,  22), (  16,  21), (  20,  25), (  11,  16), (  28,  33), (  13,  18), (  33,  38), (   2,   7), (  42,   4), (  15,  20), (  35,  40), (  26,  31), (  32,  37), (  29,  34), (  30,  35), (   4,   9), (  41,   3), (  31,  36), (  37,  42), (  24,  29), (  19,  24), (  14,  19), (   1,   6), (   7,  12), (  40,   2), (  34,  39), (   8,  13), (   9,  14), (   6,  11), (  12,  17), (   3,   8), (  23,  28), (  39,   1), (  36,  41), (   5,  10), (  25,  30), (  10,  15), (  27,  32), (  18,  23), (  22,  27), (  21,  26)]
[(   9,  15), (  12,  18), (  22,  28), (  31,  37), (   8,  14), (  36,  42), (  19,  25), (  16,  22), (   2,   8), (  17,  23), (  23,  29), (  39,   2), (  34,  40), (  30,  36), (   4,  10), (   5,  11), (  10,  16), (  38,   1), (  24,  30), (  26,  32), (  40,   3), (  11,  17), (  13,  19), (  42,   5), (  27,  33), (  32,  38), (  33,  39), (   7,  13), (   3,   9), (  41,   4), (  14,  20), (  20,  26), (  35,  41), (  21,  27), (  18,  24), (   1,   7), (  29,  35), (   6,  12), (  15,  21), (  25,  31), (  28,  34)]
[(  28,  35), (  22,  29), (   6,  13), (  32,  39), (  24,  31), (  37,   1), (  40,   4), (  10,  17), (  11,  18), (   9,  16), (   2,   9), (  35,  42), (  20,  27), (  41,   5), (  17,  24), (   3,  10), (  23,  30), (  15,  22), (   7,  14), (  31,  38), (  18,  25), (   5,  12), (  29,  36), (  21,  28), (  13,  20), (  33,  40), (  19,  26), (  38,   2), (  16,  23), (   1,   8), (  34,  41), (  27,  34), (  25,  32), (  26,  33), (  39,   3), (  42,   6), (  12,  19), (   4,  11), (  30,  37), (  14,  21), (   8,  15)]
[(  26,  34), (  17,  25), (   8,  16), (  42,   7), (  12,  20), (  38,   3), (  37,   2), (  15,  23), (  31,  39), (  24,  32), (  13,  21), (  16,  24), (  28,  36), (   2,  10), (   5,  13), (  14,  22), (  29,  37), (  32,  40), (  25,  33), (  34,  42), (  39,   4), (   1,   9), (  10,  18), (   3,  11), (   6,  14), (  21,  29), (  30,  38), (  33,  41), (   7,  15), (  19,  27), (  22,  30), (  11,  19), (   4,  12), (  20,  28), (  41,   6), (  40,   5), (  23,  31), (  36,   1), (  27,  35), (  18,  26), (   9,  17)]
[(  11,  20), (  38,   4), (  32,  41), (  35,   1), (   1,  10), (  10,  19), (  27,  36), (  30,  39), (  15,  24), (  40,   6), (   8,  17), (  29,  38), (   3,  12), (  13,  22), (  14,  23), (  41,   7), (   6,  15), (  12,  21), (   9,  18), (  16,  25), (  17,  26), (  18,  27), (  25,  34), (  22,  31), (  28,  37), (  36,   2), (  20,  29), (  21,  30), (  31,  40), (   5,  14), (  26,  35), (  37,   3), (  19,  28), (   4,  13), (   7,  16), (  24,  33), (  33,  42), (  42,   8), (   2,  11), (  39,   5), (  23,  32)]
[(  23,  33), (  34,   1), (  24,  34), (  19,  29), (  36,   3), (  20,  30), (  29,  39), (  32,  42), (  17,  27), (  41,   8), (  22,  32), (   5,  15), (  25,  35), (  27,  37), (  18,  28), (  26,  36), (   2,  12), (   3,  13), (  21,  31), (  37,   4), (  38,   5), (  39,   6), (  12,  22), (  30,  40), (  31,  41), (   7,  17), (  15,  25), (   6,  16), (   8,  18), (  28,  38), (  11,  21), (  35,   2), (  16,  26), (   1,  11), (   4,  14), (  13,  23), (  40,   7), (  14,  24), (   9,  19), (  42,   9), (  10,  20)]
[(  21,  32), (  13,  24), (  29,  40), (   9,  20), (  30,  41), (  17,  28), (  12,  23), (  36,   4), (  14,  25), (  25,  36), (   5,  16), (  40,   8), (  10,  21), (   6,  17), (  41,   9), (   8,  19), (  31,  42), (  42,  10), (  38,   6), (  28,  39), (  16,  27), (   4,  15), (  37,   5), (  33,   1), (   1,  12), (  24,  35), (  34,   2), (  26,  37), (  22,  33), (  35,   3), (  27,  38), (   7,  18), (  18,  29), (  39,   7), (  20,  31), (  15,  26), (   2,  13), (  23,  34), (   3,  14), (  19,  30), (  11,  22)]
[(  39,   8), (  19,  31), (  11,  23), (  18,  30), (  40,   9), (   9,  21), (   1,  13), (  28,  40), (   7,  19), (  38,   7), (  27,  39), (   6,  18), (  42,  11), (  21,  33), (  33,   2), (  23,  35), (  14,  26), (  16,  28), (  29,  41), (   5,  17), (  37,   6), (  26,  38), (   2,  14), (  15,  27), (  17,  29), (   8,  20), (  41,  10), (  10,  22), (  32,   1), (  25,  37), (   4,  16), (  36,   5), (  24,  36), (   3,  15), (  30,  42), (  22,  34), (  34,   3), (  13,  25), (  20,  32), (  12,  24), (  35,   4)]
[(  36,   6), (  40,  10), (   1,  14), (  27,  40), (  16,  29), (  22,  35), (   9,  22), (  18,  31), (  23,  36), (  34,   4), (  25,  38), (  41,  11), (   2,  15), (  26,  39), (  38,   8), (  42,  12), (  11,  24), (  17,  30), (  10,  23), (   6,  19), (  15,  28), (  24,  37), (  20,  33), (  13,  26), (  19,  32), (  31,   1), (  35,   5), (   4,  17), (  28,  41), (  32,   2), (   5,  18), (  39,   9), (   7,  20), (  12,  25), (  21,  34), (   8,  21), (  14,  27), (   3,  16), (  29,  42), (  33,   3), (  37,   7)]
[(  41,  12), (  14,  28), (  39,  10), (  24,  38), (   7,  21), (  40,  11), (  20,  34), (  27,  41), (   6,  20), (  42,  13), (  19,  33), (   3,  17), (  16,  30), (  11,  25), (  12,  26), (  25,  39), (  38,   9), (  37,   8), (   8,  22), (   1,  15), (  36,   7), (  28,  42), (  21,  35), (  35,   6), (  34,   5), (   4,  18), (  17,  31), (  18,  32), (  13,  27), (  26,  40), (  10,  24), (  30,   1), (  23,  37), (   2,  16), (   9,  23), (  32,   3), (  22,  36), (   5,  19), (  33,   4), (  15,  29), (  31,   2)]
[(  10,  25), (  27,  42), (  21,  36), (  36,   8), (  17,  32), (  26,  41), (  15,  30), (  19,  34), (  41,  13), (  12,  27), (  42,  14), (   4,  19), (   8,  23), (  23,  38), (  34,   6), (   6,  21), (  32,   4), (  33,   5), (  40,  12), (   3,  18), (  14,  29), (  25,  40), (  31,   3), (  38,  10), (  39,  11), (  22,  37), (  37,   9), (   5,  20), (  20,  35), (  24,  39), (  29,   1), (  16,  31), (  30,   2), (   9,  24), (  13,  28), (   2,  17), (  11,  26), (  35,   7), (   7,  22), (   1,  16), (  18,  33)]
[(  31,   4), (  20,  36), (  15,  31), (  25,  41), (  26,  42), (  32,   5), (   5,  21), (  33,   6), (  28,   1), (  14,  30), (  18,  34), (  21,  37), (  17,  33), (  19,  35), (   3,  19), (  29,   2), (  34,   7), (   4,  20), (  16,  32), (  40,  13), (  35,   8), (  30,   3), (  11,  27), (  23,  39), (  36,   9), (  41,  14), (  24,  40), (   8,  24), (  10,  26), (   6,  22), (   9,  25), (  13,  29), (  42,  15), (  37,  10), (  22,  38), (  38,  11), (   1,  17), (   2,  18), (  12,  28), (   7,  23), (  39,  12)]
[(  29,   3), (  32,   6), (  18,  35), (  17,  34), (  39,  13), (  34,   8), (  11,  28), (  12,  29), (   5,  22), (  31,   5), (   3,  20), (  36,  10), (   7,  24), (   1,  18), (  22,  39), (  20,  37), (  27,   1), (  24,  41), (  28,   2), (  10,  27), (  13,  30), (  16,  33), (  41,  15), (   2,  19), (  42,  16), (   6,  23), (   4,  21), (  25,  42), (  19,  36), (  33,   7), (  23,  40), (  38,  12), (  21,  38), (  14,  31), (  15,  32), (  35,   9), (  30,   4), (   9,  26), (   8,  25), (  37,  11), (  40,  14)]
[(  24,  42), (   5,  23), (   9,  27), (  15,  33), (   4,  22), (  29,   4), (  31,   6), (   3,  21), (  12,  30), (  28,   3), (   6,  24), (  14,  32), (  26,   1), (  32,   7), (   7,  25), (  38,  13), (  33,   8), (  27,   2), (  17,  35), (  23,  41), (  34,   9), (   2,  20), (   8,  26), (  41,  16), (  35,  10), (  30,   5), (  18,  36), (  36,  11), (  42,  17), (  11,  29), (  19,  37), (  40,  15), (  13,  31), (  22,  40), (  37,  12), (  39,  14), (  21,  39), (  10,  28), (  16,  34), (  20,  38), (   1,  19)]
[(  37,  13), (   7,  26), (  19,  38), (   2,  21), (  35,  11), (  14,  33), (  16,  35), (  25,   1), (  21,  40), (  26,   2), (  31,   7), (  33,   9), (  29,   5), (  28,   4), (   1,  20), (  15,  34), (  20,  39), (   6,  25), (  27,   3), (  11,  30), (  12,  31), (  13,  32), (  40,  16), (  18,  37), (   4,  23), (   9,  28), (  23,  42), (  39,  15), (  38,  14), (  34,  10), (  36,  12), (  41,  17), (   3,  22), (  42,  18), (   8,  27), (  10,  29), (  32,   8), (  22,  41), (   5,  24), (  17,  36), (  30,   6)]
[(  30,   7), (  15,  35), (  17,  37), (   3,  23), (  18,  38), (  39,  16), (  41,  18), (  37,  14), (  26,   3), (   1,  21), (  10,  30), (   7,  27), (  19,  39), (  31,   8), (  11,  31), (  24,   1), (  28,   5), (  14,  34), (  34,  11), (   2,  22), (  33,  10), (  21,  41), (  32,   9), (   9,  29), (  38,  15), (  42,  19), (  12,  32), (  35,  12), (   4,  24), (  16,  36), (  13,  33), (  22,  42), (  40,  17), (  29,   6), (  25,   2), (  27,   4), (   5,  25), (  20,  40), (   6,  26), (   8,  28), (  36,  13)]
[(  27,   5), (   9,  30), (  12,  33), (  28,   6), (   2,  23), (  24,   2), (  32,  10), (   5,  26), (  16,  37), (  18,  39), (  15,  36), (  23,   1), (  31,   9), (   3,  24), (  21,  42), (  40,  18), (  35,  13), (  29,   7), (  26,   4), (  14,  35), (  11,  32), (   8,  29), (  39,  17), (  36,  14), (  30,   8), (  25,   3), (   1,  22), (  19,  40), (  34,  12), (  42,  20), (   7,  28), (   4,  25), (   6,  27), (  17,  38), (  33,  11), (  41,  19), (  20,  41), (  37,  15), (  10,  31), (  13,  34), (  38,  16)]