[(   1,   2), (   2,   3), (   3,   4), (   4,   5), (   5,   6), (   6,   7), (   7,   8), (   8,   9), (   9,  10), (  10,  11), (  11,  12), (  12,  13), (  13,  14), (  14,  15), (  15,  16), (  16,  17), (  17,  18), (  18,  19), (  19,  20), (  20,  21), (  21,  22), (  22,  23), (  23,  24), (  24,  25), (  25,  26), (  26,  27), (  27,  28), (  28,  29), (  29,  30), (  30,  31), (  31,  32), (  32,  33), (  33,  34), (  34,  35), (  35,  36), (  36,  37), (  37,  38), (  38,  39), (  39,  40), (  40,  41), (  41,  42)]
[(   8,  10), (   9,  11), (  14,  16), (  33,  35), (  25,  27), (  29,  31), (  17,  19), (   4,   6), (  16,  18), (  21,  23), (  38,  40), (   1,   3), (  37,  39), (  32,  34), (  11,  13), (   7,   9), (   5,   7), (   6,   8), (  24,  26), (  12,  14), (  39,  41), (  27,  29), (  28,  30), (  15,  17), (  10,  12), (  23,  25), (  30,  32), (  42,   1), (  40,  42), (  34,  36), (  26,  28), (  35,  37), (  18,  20), (  20,  22), (  13,  15), (  22,  24), (  31,  33), (   2,   4), (  36,  38), (   3,   5), (  19,  21)]
[(  20,  23), (  30,  33), (  33,  36), (  27,  30), (  15,  18), (   2,   5), (  35,  38), (  25,  28), (   4,   7), (  22,  25), (   3,   6), (  32,  35), (  24,  27), (  17,  20), (  28,  31), (  31,  34), (  21,  24), (  41,   1), (   6,   9), (  29,  32), (  42,   2), (  34,  37), (   7,  10), (  13,  16), (  36,  39), (  19,  22), (  10,  13), (  14,  17), (   1,   4), (  26,  29), (  11,  14), (  18,  21), (  38,  41), (  23,  26), (  39,  42), (   9,  12), (   8,  11), (  37,  40), (   5,   8), (  16,  19), (  12,  15)]
[(  35,  39), (  25,  29), (  13,  17), (  16,  20), (  31,  35), (  24,  28), (  37,  41), (  33,  37), (  42,   3), (  40,   1), (  26,  30), (  15,  19), (  21,  25), (  36,  40), (  17,  21), (  29,  33), (  27,  31), (  10,  14), (  14,  18), (  38,  42), (  23,  27), (   5,   9), (  41,   2), (   8,  12), (  20,  24), (   7,  11), (  22,  26), (   4,   8), (  28,  32), (  19,  23), (   2,   6), (  11,  15), (   3,   7), (  12,  16), (  18,  22), (  30,  34), (  32,  36), (   1,   5), (   9,  13), (  34,  38), (   6,  10)]
[(  26,  31), (  37,  42), (  21,  26), (   2,   7), (  29,  34), (  32,  37), (   4,   9), (  17,  22), (  22,  27), (   8,  13), (  19,  24), (  16,  21), (  11,  16), (  30,  35), (  18,  23), (  36,  41), (  40,   2), (   7,  12), (  25,  30), (  28,  33), (   5,  10), (  15,  20), (  33,  38), (  35,  40), (  41,   3), (  12,  17), (  31,  36), (  20,  25), (  34,  39), (  13,  18), (  39,   1), (   3,   8), (   6,  11), (  14,  19), (  24,  29), (   1,   6), (  10,  15), (   9,  14), (  23,  28), (  42,   4), (  27,  32)]
[(   6,  12), (  18,  24), (   2,   8), (  26,  32), (  30,  36), (  33,  39), (  16,  22), (   5,  11), (  34,  40), (  36,  42), (  23,  29), (  22,  28), (  20,  26), (  42,   5), (  24,  30), (  38,   1), (  41,   4), (  27,  33), (  28,  34), (  19,  25), (  40,   3), (  10,  16), (   9,  15), (  32,  38), (  21,  27), (  29,  35), (  17,  23), (  39,   2), (  12,  18), (   8,  14), (  35,  41), (  14,  20), (   4,  10), (   1,   7), (   3,   9), (  15,  21), (   7,  13), (  13,  19), (  11,  17), (  25,  31), (  31,  37)]
[(  29,  36), (   5,  12), (  22,  29), (  17,  24), (   1,   8), (   9,  16), (  24,  31), (  23,  30), (  21,  28), (  19,  26), (   2,   9), (  26,  33), (  34,  41), (   3,  10), (  20,  27), (  11,  18), (  30,  37), (  38,   2), (  32,  39), (  16,  23), (  18,  25), (   6,  13), (   4,  11), (  42,   6), (  33,  40), (  39,   3), (  37,   1), (  12,  19), (  15,  22), (  41,   5), (  27,  34), (  31,  38), (   8,  15), (  40,   4), (  10,  17), (  13,  20), (  35,  42), (  28,  35), (  25,  32), (  14,  21), (   7,  14)]
[(  33,  41), (  20,  28), (  42,   7), (   3,  11), (  12,  20), (  30,  38), (   5,  13), (  10,  18), (  11,  19), (  41,   6), (  39,   4), (   2,  10), (  28,  36), (  21,  29), (   1,   9), (  24,  32), (  15,  23), (  17,  25), (  40,   5), (  18,  26), (   8,  16), (   4,  12), (  27,  35), (  36,   1), (  14,  22), (  37,   2), (  34,  42), (  32,  40), (  25,  33), (  38,   3), (  22,  30), (   9,  17), (  29,  37), (  13,  21), (   6,  14), (  31,  39), (  16,  24), (  23,  31), (  19,  27), (   7,  15), (  26,  34)]
[(  37,   3), (  23,  32), (   1,  10), (   6,  15), (  10,  19), (   4,  13), (  27,  36), (  32,  41), (  24,  33), (  28,  37), (  41,   7), (  14,  23), (   8,  17), (  18,  27), (  39,   5), (  21,  30), (   3,  12), (  26,  35), (  29,  38), (  40,   6), (  35,   1), (  30,  39), (  25,  34), (  22,  31), (  42,   8), (  15,  24), (  11,  20), (  13,  22), (   5,  14), (  16,  25), (  38,   4), (   7,  16), (  36,   2), (  33,  42), (  31,  40), (  19,  28), (  12,  21), (  17,  26), (  20,  29), (   2,  11), (   9,  18)]
[(  15,  25), (   4,  14), (  28,  38), (  29,  39), (  42,   9), (  12,  22), (   1,  11), (  35,   2), (   5,  15), (  17,  27), (  10,  20), (  20,  30), (   2,  12), (   9,  19), (  40,   7), (  39,   6), (  19,  29), (  30,  40), (   7,  17), (  31,  41), (  24,  34), (  25,  35), (  36,   3), (  11,  21), (  13,  23), (  32,  42), (  14,  24), (  23,  33), (   3,  13), (  37,   4), (   8,  18), (  34,   1), (  21,  31), (  27,  37), (  16,  26), (  41,   8), (  18,  28), (  22,  32), (   6,  16), (  26,  36), (  38,   5)]
[(   7,  18), (   6,  17), (  30,  41), (   1,  12), (  17,  28), (  23,  34), (  18,  29), (  20,  31), (  25,  36), (  24,  35), (  31,  42), (  27,  38), (  42,  10), (  33,   1), (  36,   4), (  14,  25), (  22,  33), (   4,  15), (   2,  13), (  34,   2), (  38,   6), (  40,   8), (  21,  32), (  26,  37), (  37,   5), (  41,   9), (  39,   7), (  35,   3), (   9,  20), (  10,  21), (   5,  16), (  13,  24), (  19,  30), (  28,  39), (   8,  19), (   3,  14), (  29,  40), (  16,  27), (  15,  26), (  12,  23), (  11,  22)]
[(   5,  17), (  41,  10), (  25,  37), (  22,  34), (  21,  33), (   8,  20), (  30,  42), (  24,  36), (  29,  41), (   2,  14), (  13,  25), (  36,   5), (  38,   7), (  16,  28), (  26,  38), (  35,   4), (  20,  32), (   9,  21), (  15,  27), (   1,  13), (  19,  31), (  42,  11), (  39,   8), (  34,   3), (  17,  29), (   6,  18), (  40,   9), (  37,   6), (  11,  23), (  32,   1), (   7,  19), (  27,  39), (  23,  35), (   3,  15), (  33,   2), (   4,  16), (  14,  26), (  12,  24), (  10,  22), (  18,  30), (  28,  40)]
[(  14,  27), (  27,  40), (  19,  32), (  23,  36), (  32,   2), (   1,  14), (  12,  25), (   3,  16), (  26,  39), (   7,  20), (  15,  28), (  29,  42), (   5,  18), (  11,  24), (  42,  12), (   2,  15), (  38,   8), (  16,  29), (   8,  21), (  39,   9), (  17,  30), (  31,   1), (  13,  26), (  28,  41), (  18,  31), (  40,  10), (  35,   5), (  21,  34), (  37,   7), (  22,  35), (  10,  23), (   6,  19), (   9,  22), (  36,   6), (  34,   4), (  25,  38), (   4,  17), (  41,  11), (  33,   3), (  24,  37), (  20,  33)]
[(  16,  30), (   7,  21), (   9,  23), (  38,   9), (  26,  40), (  11,  25), (  20,  34), (   1,  15), (  35,   6), (  34,   5), (  21,  35), (  40,  11), (  19,  33), (  37,   8), (  32,   3), (  12,  26), (  39,  10), (  22,  36), (  33,   4), (   3,  17), (  14,  28), (  24,  38), (   5,  19), (   4,  18), (   2,  16), (  30,   1), (  41,  12), (  36,   7), (  17,  31), (   6,  20), (  42,  13), (  28,  42), (  13,  27), (  10,  24), (  23,  37), (  18,  32), (  27,  41), (  15,  29), (  31,   2), (   8,  22), (  25,  39)]
[(  13,  28), (  19,  34), (  40,  12), (  10,  25), (  41,  13), (  21,  36), (   6,  21), (  27,  42), (  23,  38), (  18,  33), (  33,   5), (  37,   9), (  29,   1), (  26,  41), (  22,  37), (   8,  23), (  42,  14), (  24,  39), (  31,   3), (   7,  22), (  11,  26), (   3,  18), (  14,  29), (   5,  20), (  32,   4), (  16,  31), (   4,  19), (  15,  30), (  38,  10), (  39,  11), (   9,  24), (  25,  40), (  17,  32), (  30,   2), (  12,  27), (   2,  17), (  34,   6), (  36,   8), (  35,   7), (  20,  35), (   1,  16)]
[(  24,  40), (  22,  38), (  15,  31), (  21,  37), (   7,  23), (  10,  26), (  23,  39), (  13,  29), (   1,  17), (  31,   4), (  16,  32), (  34,   7), (  30,   3), (  39,  12), (  25,  41), (  40,  13), (  36,   9), (  32,   5), (  37,  10), (   8,  24), (   4,  20), (  17,  33), (   6,  22), (  14,  30), (  38,  11), (   5,  21), (   2,  18), (  11,  27), (  19,  35), (  42,  15), (  20,  36), (  29,   2), (  12,  28), (   9,  25), (  28,   1), (  26,  42), (   3,  19), (  18,  34), (  41,  14), (  33,   6), (  35,   8)]
[(   4,  21), (  39,  13), (  18,  35), (  40,  14), (  37,  11), (  41,  15), (  28,   2), (  38,  12), (  14,  31), (  29,   3), (  17,  34), (   8,  25), (  32,   6), (   6,  23), (   2,  19), (  10,  27), (  11,  28), (  20,  37), (  42,  16), (  36,  10), (  15,  32), (  19,  36), (   1,  18), (  33,   7), (  35,   9), (  34,   8), (  16,  33), (   9,  26), (  24,  41), (   7,  24), (  12,  29), (   5,  22), (  25,  42), (  31,   5), (  21,  38), (  23,  40), (  22,  39), (   3,  20), (  30,   4), (  27,   1), (  13,  30)]
[(  34,   9), (  26,   1), (   6,  24), (  13,  31), (   4,  22), (  17,  35), (  40,  15), (  21,  39), (   2,  20), (  12,  30), (  18,  36), (  31,   6), (  22,  40), (  38,  13), (  33,   8), (  19,  37), (  16,  34), (  28,   3), (  36,  11), (  30,   5), (  37,  12), (  14,  32), (  42,  17), (   9,  27), (   1,  19), (  20,  38), (   3,  21), (  41,  16), (   8,  26), (  27,   2), (  15,  33), (  23,  41), (  39,  14), (  11,  29), (  32,   7), (  35,  10), (   5,  23), (   7,  25), (  24,  42), (  10,  28), (  29,   4)]
[(  19,  38), (  16,  35), (  20,  39), (  42,  18), (  38,  14), (  27,   3), (  14,  33), (   7,  26), (  37,  13), (  39,  15), (   8,  27), (  41,  17), (   4,  23), (  31,   7), (  34,  10), (   3,  22), (  25,   1), (  23,  42), (  22,  41), (  35,  11), (  33,   9), (  26,   2), (  12,  31), (  10,  29), (  15,  34), (  28,   4), (   6,  25), (   5,  24), (   2,  21), (   9,  28), (  21,  40), (  36,  12), (  40,  16), (  32,   8), (  11,  30), (  29,   5), (   1,  20), (  30,   6), (  18,  37), (  13,  32), (  17,  36)]
[(  22,  42), (  31,   8), (  34,  11), (   8,  28), (  39,  16), (  42,  19), (  26,   3), (  14,  34), (  12,  32), (  32,   9), (  37,  14), (   4,  24), (  15,  35), (   2,  22), (  29,   6), (  28,   5), (   6,  26), (  11,  31), (  35,  12), (  27,   4), (  36,  13), (  21,  41), (  20,  40), (  19,  39), (  30,   7), (  13,  33), (  38,  15), (  18,  38), (  16,  36), (  40,  17), (  17,  37), (  10,  30), (  24,   1), (  41,  18), (   5,  25), (   7,  27), (  25,   2), (  33,  10), (   1,  21), (   9,  29), (   3,  23)]
[(  11,  32), (  15,  36), (  27,   5), (  41,  19), (   3,  24), (  40,  18), (  32,  10), (  19,  40), (  30,   8), (  38,  16), (   1,  22), (  18,  39), (  31,   9), (   4,  25), (  14,  35), (  42,  20), (  35,  13), (  13,  34), (  23,   1), (  37,  15), (  29,   7), (   7,  28), (  16,  37), (   2,  23), (  28,   6), (  36,  14), (   8,  29), (  10,  31), (   6,  27), (  12,  33), (  25,   3), (  26,   4), (   5,  26), (  17,  38), (  20,  41), (  33,  11), (   9,  30), (  21,  42), (  34,  12), (  39,  17), (  24,   2)]