[(   1,   2), (   2,   3), (   3,   4), (   4,   5), (   5,   6), (   6,   7), (   7,   8), (   8,   9), (   9,  10), (  10,  11), (  11,  12), (  12,  13), (  13,  14), (  14,  15), (  15,  16), (  16,  17), (  17,  18), (  18,  19), (  19,  20), (  20,  21), (  21,  22), (  22,  23), (  23,  24), (  24,  25), (  25,  26), (  26,  27), (  27,  28), (  28,  29), (  29,  30), (  30,  31), (  31,  32), (  32,  33), (  33,  34), (  34,  35), (  35,  36), (  36,  37), (  37,  38), (  38,  39), (  39,  40), (  40,  41), (  41,  42)]
[(  22,  24), (  23,  25), (  11,  13), (  31,  33), (  12,  14), (  29,  31), (  10,  12), (  25,  27), (   6,   8), (  26,  28), (  14,  16), (   5,   7), (  15,  17), (   7,   9), (  18,  20), (  24,  26), (  33,  35), (  28,  30), (   3,   5), (  16,  18), (  13,  15), (  39,  41), (  19,  21), (  37,  39), (  32,  34), (   9,  11), (  35,  37), (  34,  36), (  17,  19), (  40,  42), (   2,   4), (  21,  23), (  38,  40), (  20,  22), (  30,  32), (   8,  10), (  27,  29), (   1,   3), (  36,  38), (  42,   1), (   4,   6)]
[(  13,  16), (  24,  27), (  17,  20), (  34,  37), (  15,  18), (  21,  24), (  25,  28), (  14,  17), (  19,  22), (   1,   4), (  18,  21), (  39,  42), (   4,   7), (  16,  19), (  37,  40), (  36,  39), (   7,  10), (   5,   8), (   6,   9), (  41,   1), (  29,  32), (  33,  36), (  35,  38), (  26,  29), (  28,  31), (   2,   5), (   3,   6), (  30,  33), (  32,  35), (  20,  23), (  11,  14), (  42,   2), (   8,  11), (  38,  41), (  10,  13), (  23,  26), (  31,  34), (   9,  12), (  12,  15), (  27,  30), (  22,  25)]
[(  37,  41), (  38,  42), (  18,  22), (  12,  16), (  30,  34), (  28,  32), (   9,  13), (  35,  39), (  27,  31), (  31,  35), (  26,  30), (  40,   1), (  34,  38), (  32,  36), (  29,  33), (  25,  29), (  22,  26), (  20,  24), (  13,  17), (  33,  37), (   1,   5), (  16,  20), (   2,   6), (  10,  14), (  36,  40), (  21,  25), (  11,  15), (  42,   3), (   3,   7), (  15,  19), (  17,  21), (   6,  10), (  41,   2), (   7,  11), (   8,  12), (  14,  18), (  19,  23), (   4,   8), (   5,   9), (  24,  28), (  23,  27)]
[(  27,  32), (  11,  16), (  37,  42), (  35,  40), (  26,  31), (  18,  23), (  15,  20), (  24,  29), (  28,  33), (   2,   7), (  34,  39), (  16,  21), (  21,  26), (  25,  30), (  39,   1), (   1,   6), (  41,   3), (  36,  41), (  40,   2), (   4,   9), (  14,  19), (   7,  12), (  13,  18), (  30,  35), (   6,  11), (   8,  13), (  29,  34), (  10,  15), (   9,  14), (  33,  38), (   3,   8), (  19,  24), (  42,   4), (  31,  36), (  23,  28), (  20,  25), (  17,  22), (  32,  37), (  22,  27), (  12,  17), (   5,  10)]
[(   6,  12), (  22,  28), (  10,  16), (  24,  30), (  35,  41), (  36,  42), (  42,   5), (   5,  11), (  14,  20), (  17,  23), (  23,  29), (  30,  36), (  29,  35), (  41,   4), (   4,  10), (  27,  33), (  21,  27), (  32,  38), (  28,  34), (  34,  40), (  40,   3), (   3,   9), (  11,  17), (  15,  21), (  38,   1), (  18,  24), (  33,  39), (  39,   2), (   2,   8), (   8,  14), (   9,  15), (  20,  26), (  26,  32), (  12,  18), (  16,  22), (   1,   7), (   7,  13), (  13,  19), (  19,  25), (  25,  31), (  31,  37)]
[(  29,  36), (  13,  20), (  26,  33), (   8,  15), (  38,   2), (  37,   1), (  30,  37), (  23,  30), (   4,  11), (   9,  16), (   2,   9), (  31,  38), (   1,   8), (  24,  31), (  17,  24), (  15,  22), (   6,  13), (  22,  29), (  32,  39), (  25,  32), (  18,  25), (  11,  18), (  34,  41), (  40,   4), (   3,  10), (  10,  17), (  19,  26), (  12,  19), (   5,  12), (  41,   5), (  16,  23), (  27,  34), (  20,  27), (  39,   3), (  33,  40), (  42,   6), (  35,  42), (  28,  35), (  21,  28), (  14,  21), (   7,  14)]
[(  26,  34), (  41,   6), (  30,  38), (  13,  21), (  17,  25), (   3,  11), (  24,  32), (   4,  12), (  38,   3), (  29,  37), (  20,  28), (  25,  33), (  33,  41), (  40,   5), (  28,  36), (  42,   7), (  11,  19), (   9,  17), (  21,  29), (  15,  23), (  31,  39), (  37,   2), (  22,  30), (   5,  13), (  14,  22), (  36,   1), (  12,  20), (  16,  24), (  23,  31), (  27,  35), (  19,  27), (  39,   4), (   7,  15), (   6,  14), (   1,   9), (  32,  40), (  10,  18), (  34,  42), (  18,  26), (   2,  10), (   8,  16)]
[(  30,  39), (  12,  21), (  41,   7), (   9,  18), (  10,  19), (  17,  26), (  22,  31), (  37,   3), (  36,   2), (  25,  34), (  35,   1), (   2,  11), (  18,  27), (  26,  35), (   5,  14), (  19,  28), (  28,  37), (   6,  15), (  33,  42), (  39,   5), (   7,  16), (   4,  13), (  42,   8), (  23,  32), (  21,  30), (  29,  38), (   8,  17), (  14,  23), (  27,  36), (   3,  12), (  24,  33), (  13,  22), (   1,  10), (  16,  25), (  15,  24), (  38,   4), (  40,   6), (  31,  40), (  32,  41), (  11,  20), (  20,  29)]
[(  11,  21), (  19,  29), (  24,  34), (  39,   6), (   1,  11), (  38,   5), (  26,  36), (  34,   1), (  32,  42), (   8,  18), (  37,   4), (   9,  19), (  22,  32), (  12,  22), (  13,  23), (  31,  41), (  42,   9), (  27,  37), (  14,  24), (  35,   2), (  23,  33), (  30,  40), (  40,   7), (  36,   3), (   2,  12), (  20,  30), (  21,  31), (  25,  35), (  15,  25), (   6,  16), (  10,  20), (  41,   8), (  18,  28), (  17,  27), (   4,  14), (  29,  39), (   5,  15), (  16,  26), (   7,  17), (   3,  13), (  28,  38)]
[(   8,  19), (  36,   4), (  28,  39), (  11,  22), (  22,  33), (  16,  27), (   3,  14), (   7,  18), (  15,  26), (  21,  32), (  38,   6), (  17,  28), (  12,  23), (  27,  38), (  30,  41), (   2,  13), (  40,   8), (  10,  21), (  26,  37), (  19,  30), (  42,  10), (  24,  35), (   1,  12), (   9,  20), (   4,  15), (  31,  42), (   5,  16), (  41,   9), (  33,   1), (  18,  29), (  37,   5), (  35,   3), (   6,  17), (  29,  40), (  39,   7), (  13,  24), (  25,  36), (  14,  25), (  20,  31), (  23,  34), (  34,   2)]
[(   3,  15), (  39,   8), (  15,  27), (  14,  26), (   4,  16), (   2,  14), (  17,  29), (  21,  33), (  12,  24), (  27,  39), (  41,  10), (  29,  41), (  30,  42), (  42,  11), (  22,  34), (  11,  23), (  20,  32), (  34,   3), (  18,  30), (  10,  22), (  35,   4), (  19,  31), (  36,   5), (   7,  19), (   8,  20), (  23,  35), (  38,   7), (  32,   1), (  16,  28), (  25,  37), (  28,  40), (  40,   9), (  13,  25), (   9,  21), (  26,  38), (   5,  17), (  33,   2), (   6,  18), (   1,  13), (  37,   6), (  24,  36)]
[(  20,  33), (  31,   1), (  36,   6), (  25,  38), (  27,  40), (   9,  22), (  34,   4), (   2,  15), (   5,  18), (  42,  12), (  19,  32), (  14,  27), (  40,  10), (   8,  21), (   6,  19), (  35,   5), (  23,  36), (   1,  14), (  12,  25), (  11,  24), (  28,  41), (  29,  42), (  26,  39), (  38,   8), (  39,   9), (  37,   7), (  32,   2), (   4,  17), (  41,  11), (  13,  26), (  22,  35), (  15,  28), (  24,  37), (  10,  23), (  18,  31), (  21,  34), (   3,  16), (   7,  20), (  33,   3), (  16,  29), (  17,  30)]
[(   4,  18), (  18,  32), (   9,  23), (  27,  41), (  37,   8), (  41,  12), (   2,  16), (  26,  40), (  25,  39), (  19,  33), (  17,  31), (  10,  24), (  31,   2), (  23,  37), (  32,   3), (  38,   9), (  34,   5), (  40,  11), (   8,  22), (   3,  17), (  24,  38), (  14,  28), (  15,  29), (  28,  42), (  13,  27), (  33,   4), (  42,  13), (   6,  20), (  39,  10), (   7,  21), (  30,   1), (  11,  25), (  21,  35), (   5,  19), (  20,  34), (  16,  30), (  12,  26), (  22,  36), (  35,   6), (  36,   7), (   1,  15)]
[(  42,  14), (  37,   9), (  25,  40), (   2,  17), (  21,  36), (  19,  34), (  23,  38), (  13,  28), (  29,   1), (  41,  13), (  33,   5), (  20,  35), (   5,  20), (  34,   6), (  12,  27), (   3,  18), (  30,   2), (  35,   7), (  38,  10), (  27,  42), (  36,   8), (  17,  32), (  10,  25), (  16,  31), (  18,  33), (  40,  12), (   9,  24), (   7,  22), (  22,  37), (  24,  39), (  26,  41), (   1,  16), (  14,  29), (  32,   4), (   6,  21), (  31,   3), (  39,  11), (  15,  30), (   8,  23), (   4,  19), (  11,  26)]
[(   9,  25), (  10,  26), (  32,   5), (  28,   1), (  23,  39), (  35,   8), (  33,   6), (  20,  36), (  21,  37), (  30,   3), (  42,  15), (  18,  34), (  36,   9), (   2,  18), (  38,  11), (   4,  20), (  15,  31), (  39,  12), (  31,   4), (  13,  29), (  11,  27), (   5,  21), (  16,  32), (   6,  22), (   7,  23), (  41,  14), (  25,  41), (  40,  13), (  24,  40), (   1,  17), (  34,   7), (  14,  30), (   3,  19), (  26,  42), (  29,   2), (  12,  28), (   8,  24), (  17,  33), (  37,  10), (  22,  38), (  19,  35)]
[(  23,  40), (  33,   7), (  14,  31), (  19,  36), (   3,  20), (  13,  30), (  27,   1), (  32,   6), (  17,  34), (   5,  22), (   7,  24), (   6,  23), (  11,  28), (  29,   3), (  35,   9), (  34,   8), (  12,  29), (  16,  33), (  41,  15), (  38,  12), (   9,  26), (   8,  25), (  20,  37), (   1,  18), (  24,  41), (  15,  32), (  40,  14), (  21,  38), (   4,  21), (  36,  10), (  25,  42), (  31,   5), (  22,  39), (  28,   2), (  37,  11), (   2,  19), (  30,   4), (  10,  27), (  42,  16), (  18,  35), (  39,  13)]
[(  35,  10), (  30,   5), (   1,  19), (  32,   7), (  24,  42), (  40,  15), (  21,  39), (  41,  16), (  23,  41), (   6,  24), (  22,  40), (   4,  22), (  19,  37), (  10,  28), (   7,  25), (  12,  30), (  39,  14), (  13,  31), (  36,  11), (  31,   6), (   2,  20), (  26,   1), (  28,   3), (  27,   2), (  17,  35), (  16,  34), (  18,  36), (   8,  26), (  20,  38), (  34,   9), (  38,  13), (  37,  12), (   5,  23), (  15,  33), (  42,  17), (   9,  27), (  14,  32), (  11,  29), (  29,   4), (  33,   8), (   3,  21)]
[(  31,   7), (  15,  34), (   2,  21), (  10,  29), (  13,  32), (  20,  39), (  35,  11), (  19,  38), (  40,  16), (  38,  14), (   8,  27), (  32,   8), (   6,  25), (   1,  20), (  26,   2), (  21,  40), (  25,   1), (  23,  42), (  16,  35), (   7,  26), (  30,   6), (  34,  10), (  14,  33), (  41,  17), (  29,   5), (   3,  22), (   4,  23), (  18,  37), (  42,  18), (  28,   4), (  36,  12), (  17,  36), (  12,  31), (  37,  13), (  27,   3), (  22,  41), (   9,  28), (   5,  24), (  11,  30), (  39,  15), (  33,   9)]
[(  28,   5), (  40,  17), (  35,  12), (   3,  23), (   9,  29), (  33,  10), (  41,  18), (  22,  42), (  30,   7), (  20,  40), (  36,  13), (  26,   3), (  39,  16), (  13,  33), (  31,   8), (  37,  14), (   4,  24), (  25,   2), (   7,  27), (   8,  28), (  17,  37), (  38,  15), (  27,   4), (  34,  11), (  42,  19), (  19,  39), (  10,  30), (  11,  31), (   6,  26), (   2,  22), (  29,   6), (  18,  38), (  16,  36), (  24,   1), (   5,  25), (  15,  35), (   1,  21), (  21,  41), (  14,  34), (  32,   9), (  12,  32)]
[(  17,  38), (  14,  35), (   8,  29), (  42,  20), (   7,  28), (   4,  25), (  19,  40), (  10,  31), (  35,  13), (  15,  36), (  25,   3), (  37,  15), (   3,  24), (  39,  17), (  21,  42), (  32,  10), (  38,  16), (  26,   4), (  23,   1), (  36,  14), (  34,  12), (   6,  27), (  31,   9), (  12,  33), (  16,  37), (  28,   6), (   1,  22), (  27,   5), (  13,  34), (  11,  32), (  18,  39), (  29,   7), (   9,  30), (  30,   8), (  41,  19), (  33,  11), (  20,  41), (   2,  23), (  24,   2), (   5,  26), (  40,  18)]