[(   1,   2), (   2,   3), (   3,   4), (   4,   5), (   5,   6), (   6,   7), (   7,   8), (   8,   9), (   9,  10), (  10,  11), (  11,  12), (  12,  13), (  13,  14), (  14,  15), (  15,  16), (  16,  17), (  17,  18), (  18,  19), (  19,  20), (  20,  21), (  21,  22), (  22,  23), (  23,  24), (  24,  25), (  25,  26), (  26,  27), (  27,  28), (  28,  29), (  29,  30), (  30,  31), (  31,  32), (  32,  33), (  33,  34), (  34,  35), (  35,  36), (  36,  37), (  37,  38), (  38,  39), (  39,  40), (  40,  41), (  41,  42)]
[(  35,  37), (  25,  27), (  12,  14), (  29,  31), (  24,  26), (  26,  28), (  15,  17), (   2,   4), (  18,  20), (  37,  39), (   4,   6), (  32,  34), (  38,  40), (   7,   9), (   1,   3), (  11,  13), (  23,  25), (  27,  29), (   6,   8), (  28,  30), (  42,   1), (  14,  16), (   5,   7), (  39,  41), (  22,  24), (  33,  35), (  40,  42), (  21,  23), (  10,  12), (  13,  15), (  16,  18), (  36,  38), (  19,  21), (   3,   5), (  17,  19), (  30,  32), (  31,  33), (  34,  36), (  20,  22), (   9,  11), (   8,  10)]
[(  23,  26), (   8,  11), (   7,  10), (  22,  25), (  31,  34), (  38,  41), (   3,   6), (  19,  22), (  28,  31), (  27,  30), (  33,  36), (   2,   5), (  21,  24), (  39,  42), (  25,  28), (   9,  12), (  29,  32), (  34,  37), (  26,  29), (   4,   7), (  12,  15), (  37,  40), (  32,  35), (  13,  16), (  20,  23), (  18,  21), (  14,  17), (  41,   1), (  36,  39), (  17,  20), (   5,   8), (  16,  19), (  24,  27), (  11,  14), (  30,  33), (  42,   2), (   1,   4), (   6,   9), (  10,  13), (  35,  38), (  15,  18)]
[(  10,  14), (  35,  39), (  36,  40), (   6,  10), (  19,  23), (  12,  16), (  41,   2), (  31,  35), (   2,   6), (  32,  36), (   9,  13), (  38,  42), (  11,  15), (  34,  38), (   7,  11), (  23,  27), (  26,  30), (  40,   1), (  14,  18), (  27,  31), (  28,  32), (  15,  19), (  25,  29), (  30,  34), (  13,  17), (   5,   9), (   4,   8), (   3,   7), (  20,  24), (  33,  37), (  37,  41), (   8,  12), (  42,   3), (  24,  28), (  21,  25), (  22,  26), (  16,  20), (  18,  22), (   1,   5), (  17,  21), (  29,  33)]
[(  19,  24), (  32,  37), (  28,  33), (  34,  39), (  35,  40), (  18,  23), (  21,  26), (  20,  25), (   8,  13), (  41,   3), (  22,  27), (   3,   8), (  29,  34), (  25,  30), (  27,  32), (  42,   4), (  14,  19), (  11,  16), (  16,  21), (  13,  18), (  30,  35), (  33,  38), (  36,  41), (   7,  12), (  31,  36), (  15,  20), (   6,  11), (   5,  10), (  17,  22), (  40,   2), (   1,   6), (   9,  14), (  39,   1), (  12,  17), (  10,  15), (   4,   9), (  23,  28), (  26,  31), (  24,  29), (  37,  42), (   2,   7)]
[(   6,  12), (  12,  18), (  18,  24), (  24,  30), (  30,  36), (  36,  42), (  42,   5), (   5,  11), (  11,  17), (  38,   1), (   2,   8), (  10,  16), (  31,  37), (  23,  29), (   4,  10), (  26,  32), (  16,  22), (  22,  28), (  28,  34), (  34,  40), (  40,   3), (   3,   9), (   9,  15), (  15,  21), (  21,  27), (  25,  31), (  33,  39), (  39,   2), (  41,   4), (   8,  14), (  27,  33), (  20,  26), (  29,  35), (  32,  38), (   1,   7), (  17,  23), (   7,  13), (  35,  41), (  19,  25), (  14,  20), (  13,  19)]
[(  29,  36), (  22,  29), (  15,  22), (   8,  15), (   1,   8), (  37,   1), (  30,  37), (  23,  30), (  16,  23), (  42,   6), (  24,  31), (  20,  27), (  28,  35), (   5,  12), (  17,  24), (  38,   2), (   3,  10), (  39,   3), (  32,  39), (  25,  32), (  18,  25), (  11,  18), (   4,  11), (  40,   4), (  33,  40), (  34,  41), (  19,  26), (  12,  19), (   2,   9), (  41,   5), (  14,  21), (  27,  34), (  10,  17), (  13,  20), (   9,  16), (   6,  13), (  35,  42), (   7,  14), (  21,  28), (  26,  33), (  31,  38)]
[(  39,   4), (  34,  42), (  19,  27), (  20,  28), (  13,  21), (   3,  11), (  25,  33), (  32,  40), (  30,  38), (  15,  23), (  40,   5), (  28,  36), (  33,  41), (  10,  18), (  26,  34), (  22,  30), (  31,  39), (   9,  17), (  17,  25), (  38,   3), (   5,  13), (  27,  35), (   6,  14), (  37,   2), (  41,   6), (  36,   1), (   1,   9), (   8,  16), (  18,  26), (  21,  29), (  42,   7), (  23,  31), (   7,  15), (   2,  10), (  14,  22), (  16,  24), (  11,  19), (  29,  37), (   4,  12), (  24,  32), (  12,  20)]
[(  21,  30), (   1,  10), (  23,  32), (  33,  42), (   3,  12), (  25,  34), (  11,  20), (   7,  16), (  24,  33), (  13,  22), (  30,  39), (   6,  15), (  27,  36), (  22,  31), (   5,  14), (  39,   5), (  35,   1), (   4,  13), (  38,   4), (   2,  11), (  14,  23), (  36,   2), (  17,  26), (  18,  27), (  42,   8), (  10,  19), (  20,  29), (  26,  35), (  31,  40), (   9,  18), (  15,  24), (  37,   3), (  16,  25), (  40,   6), (  32,  41), (  29,  38), (  12,  21), (   8,  17), (  41,   7), (  19,  28), (  28,  37)]
[(  22,  32), (   4,  14), (  38,   5), (  13,  23), (   7,  17), (   5,  15), (  28,  38), (  26,  36), (  40,   7), (  14,  24), (  32,  42), (  21,  31), (   9,  19), (  17,  27), (  35,   2), (  36,   3), (  37,   4), (  41,   8), (  42,   9), (   6,  16), (  16,  26), (  20,  30), (  18,  28), (   1,  11), (  19,  29), (  12,  22), (   3,  13), (  24,  34), (  25,  35), (  39,   6), (   2,  12), (  15,  25), (  31,  41), (  27,  37), (  29,  39), (  11,  21), (   8,  18), (  10,  20), (  23,  33), (  34,   1), (  30,  40)]
[(  40,   8), (   6,  17), (   9,  20), (  26,  37), (  18,  29), (  21,  32), (  23,  34), (  42,  10), (  15,  26), (  20,  31), (  14,  25), (  19,  30), (  39,   7), (   8,  19), (  30,  41), (  10,  21), (  38,   6), (  24,  35), (  13,  24), (  12,  23), (  41,   9), (   1,  12), (  16,  27), (  22,  33), (  37,   5), (  28,  39), (  34,   2), (  27,  38), (   3,  14), (  11,  22), (  17,  28), (   7,  18), (  36,   4), (  25,  36), (   2,  13), (  35,   3), (  29,  40), (  33,   1), (  31,  42), (   4,  15), (   5,  16)]
[(  38,   7), (  21,  33), (  29,  41), (   2,  14), (  15,  27), (  27,  39), (   4,  16), (  12,  24), (  22,  34), (  16,  28), (  17,  29), (  23,  35), (   5,  17), (  24,  36), (   6,  18), (  28,  40), (   9,  21), (  33,   2), (  36,   5), (  39,   8), (  37,   6), (  41,  10), (  30,  42), (  19,  31), (   3,  15), (  11,  23), (  25,  37), (  40,   9), (  42,  11), (  35,   4), (  26,  38), (   1,  13), (  20,  32), (  18,  30), (   8,  20), (   7,  19), (  14,  26), (  13,  25), (  34,   3), (  10,  22), (  32,   1)]
[(  15,  28), (   7,  20), (  26,  39), (  19,  32), (  25,  38), (   9,  22), (  27,  40), (  21,  34), (  35,   5), (   4,  17), (   3,  16), (  24,  37), (  42,  12), (  33,   3), (  20,  33), (   6,  19), (  28,  41), (  10,  23), (  40,  10), (  22,  35), (  38,   8), (  13,  26), (  31,   1), (  29,  42), (   1,  14), (  37,   7), (  23,  36), (  17,  30), (   8,  21), (  12,  25), (  34,   4), (  41,  11), (   5,  18), (  16,  29), (  11,  24), (  18,  31), (  39,   9), (  32,   2), (   2,  15), (  36,   6), (  14,  27)]
[(  42,  13), (  26,  40), (  31,   2), (  41,  12), (  33,   4), (  19,  33), (  10,  24), (  15,  29), (  32,   3), (  34,   5), (  23,  37), (  25,  39), (   6,  20), (   2,  16), (  22,  36), (  20,  34), (  40,  11), (  12,  26), (  30,   1), (   5,  19), (  36,   7), (  17,  31), (  37,   8), (  14,  28), (   4,  18), (   3,  17), (   7,  21), (  11,  25), (   1,  15), (  24,  38), (   9,  23), (  35,   6), (  38,   9), (   8,  22), (  28,  42), (  39,  10), (  27,  41), (  16,  30), (  18,  32), (  13,  27), (  21,  35)]
[(  16,  31), (  13,  28), (   6,  21), (   1,  16), (  39,  11), (   2,  17), (  14,  29), (  41,  13), (  29,   1), (  18,  33), (  20,  35), (   7,  22), (   3,  18), (  32,   4), (  37,   9), (  35,   7), (  33,   5), (  21,  36), (  31,   3), (  26,  41), (  19,  34), (  24,  39), (  40,  12), (   5,  20), (  38,  10), (  42,  14), (  15,  30), (  22,  37), (  23,  38), (  27,  42), (  10,  25), (  30,   2), (  11,  26), (   4,  19), (  34,   6), (  25,  40), (  17,  32), (  12,  27), (  36,   8), (   8,  23), (   9,  24)]
[(  18,  34), (  15,  31), (  35,   8), (  38,  11), (  37,  10), (   8,  24), (  19,  35), (  33,   6), (  21,  37), (   9,  25), (  10,  26), (  41,  14), (  16,  32), (  40,  13), (  13,  29), (  25,  41), (  42,  15), (  14,  30), (   7,  23), (   1,  17), (  17,  33), (  32,   5), (   3,  19), (  36,   9), (  39,  12), (  29,   2), (  22,  38), (   4,  20), (  34,   7), (  28,   1), (  20,  36), (  24,  40), (   6,  22), (  26,  42), (  31,   4), (  12,  28), (  30,   3), (   5,  21), (  11,  27), (   2,  18), (  23,  39)]
[(   3,  20), (  24,  41), (  13,  30), (  35,   9), (  42,  16), (  30,   4), (  39,  13), (  27,   1), (  25,  42), (   2,  19), (  21,  38), (   1,  18), (   8,  25), (  20,  37), (  38,  12), (  14,  31), (   7,  24), (  31,   5), (  37,  11), (  36,  10), (  10,  27), (  34,   8), (  22,  39), (   6,  23), (  28,   2), (  32,   6), (  18,  35), (  15,  32), (  16,  33), (  19,  36), (  29,   3), (   4,  21), (  40,  14), (  33,   7), (  23,  40), (  41,  15), (   5,  22), (  11,  28), (   9,  26), (  12,  29), (  17,  34)]
[(   9,  27), (   5,  23), (  42,  17), (   3,  21), (  14,  32), (  13,  31), (  18,  36), (  28,   3), (  39,  14), (   8,  26), (   1,  19), (  11,  29), (   4,  22), (  26,   1), (  21,  39), (  15,  33), (   2,  20), (  32,   7), (  27,   2), (  24,  42), (  29,   4), (   7,  25), (  20,  38), (  35,  10), (  34,   9), (  38,  13), (  41,  16), (  31,   6), (  19,  37), (  16,  34), (  22,  40), (  10,  28), (  12,  30), (  23,  41), (  37,  12), (  33,   8), (   6,  24), (  40,  15), (  17,  35), (  30,   5), (  36,  11)]
[(  41,  17), (  19,  38), (  25,   1), (  17,  36), (   9,  28), (  10,  29), (  12,  31), (  38,  14), (  36,  12), (  21,  40), (  15,  34), (  33,   9), (  26,   2), (  35,  11), (  23,  42), (  18,  37), (   8,  27), (   6,  25), (  22,  41), (  14,  33), (  20,  39), (  28,   4), (   2,  21), (  32,   8), (  16,  35), (  40,  16), (   5,  24), (  42,  18), (  13,  32), (   7,  26), (  11,  30), (  29,   5), (  37,  13), (  39,  15), (  27,   3), (   1,  20), (  34,  10), (   4,  23), (  30,   6), (  31,   7), (   3,  22)]
[(   5,  25), (  16,  36), (  34,  11), (   7,  27), (   2,  22), (  20,  40), (  32,   9), (  17,  37), (  27,   4), (  35,  12), (  41,  18), (  40,  17), (  10,  30), (  21,  41), (  31,   8), (  24,   1), (  36,  13), (  38,  15), (  15,  35), (   9,  29), (  11,  31), (  29,   6), (  33,  10), (  26,   3), (  30,   7), (   4,  24), (  12,  32), (  13,  33), (  28,   5), (   3,  23), (  19,  39), (  22,  42), (   8,  28), (   1,  21), (  18,  38), (  14,  34), (  25,   2), (  42,  19), (  37,  14), (  39,  16), (   6,  26)]
[(  33,  11), (   9,  30), (  16,  37), (  40,  18), (  20,  41), (  14,  35), (   1,  22), (  18,  39), (  41,  19), (  29,   7), (   7,  28), (  26,   4), (  23,   1), (  28,   6), (  19,  40), (   8,  29), (  34,  12), (  42,  20), (  12,  33), (  37,  15), (  24,   2), (  21,  42), (  13,  34), (  17,  38), (  11,  32), (  30,   8), (  10,  31), (  36,  14), (   6,  27), (  32,  10), (  35,  13), (  39,  17), (   2,  23), (  31,   9), (   5,  26), (  27,   5), (  15,  36), (   3,  24), (  38,  16), (  25,   3), (   4,  25)]