[(   1,   2), (   2,   3), (   3,   4), (   4,   5), (   5,   6), (   6,   7), (   7,   8), (   8,   9), (   9,  10), (  10,  11), (  11,  12), (  12,  13), (  13,  14), (  14,  15), (  15,  16), (  16,  17), (  17,  18), (  18,  19), (  19,  20), (  20,  21), (  21,  22), (  22,  23), (  23,  24), (  24,  25), (  25,  26), (  26,  27), (  27,  28), (  28,  29), (  29,  30), (  30,  31), (  31,  32), (  32,  33), (  33,  34), (  34,  35), (  35,  36), (  36,  37), (  37,  38), (  38,  39), (  39,  40), (  40,  41), (  41,  42)]
[(  19,  21), (  15,  17), (  35,  37), (  18,  20), (  17,  19), (   2,   4), (  30,  32), (  39,  41), (  38,  40), (  25,  27), (  14,  16), (  21,  23), (   3,   5), (   1,   3), (  40,  42), (  13,  15), (   7,   9), (  37,  39), (  29,  31), (  27,  29), (  26,  28), (   9,  11), (  34,  36), (  36,  38), (  42,   1), (  32,  34), (  11,  13), (   5,   7), (  33,  35), (  24,  26), (  22,  24), (  20,  22), (  23,  25), (  16,  18), (  31,  33), (  12,  14), (  10,  12), (   8,  10), (   6,   8), (   4,   6), (  28,  30)]
[(  29,  32), (  23,  26), (   6,   9), (  39,  42), (  26,  29), (  38,  41), (  16,  19), (  42,   2), (  27,  30), (   3,   6), (  34,  37), (  22,  25), (  19,  22), (   4,   7), (   7,  10), (  25,  28), (  32,  35), (  41,   1), (   2,   5), (  10,  13), (   8,  11), (  21,  24), (  13,  16), (   5,   8), (  14,  17), (  33,  36), (  37,  40), (  35,  38), (  20,  23), (   9,  12), (  11,  14), (  31,  34), (  28,  31), (  12,  15), (   1,   4), (  24,  27), (  36,  39), (  18,  21), (  15,  18), (  30,  33), (  17,  20)]
[(  11,  15), (  33,  37), (  12,  16), (  36,  40), (  40,   1), (  26,  30), (  17,  21), (   1,   5), (  14,  18), (   4,   8), (  20,  24), (  32,  36), (  24,  28), (  28,  32), (  21,  25), (  37,  41), (  25,  29), (   9,  13), (  35,  39), (  22,  26), (  16,  20), (  13,  17), (  41,   2), (  10,  14), (  30,  34), (  18,  22), (   2,   6), (   8,  12), (   3,   7), (  34,  38), (  38,  42), (  42,   3), (   6,  10), (   7,  11), (   5,   9), (  15,  19), (  19,  23), (  23,  27), (  27,  31), (  31,  35), (  29,  33)]
[(   8,  13), (  14,  19), (  10,  15), (   9,  14), (  34,  39), (  24,  29), (  13,  18), (  29,  34), (  19,  24), (  16,  21), (   5,  10), (  28,  33), (   1,   6), (  26,  31), (  31,  36), (  33,  38), (  39,   1), (   6,  11), (  11,  16), (  35,  40), (   2,   7), (  41,   3), (  22,  27), (  37,  42), (  18,  23), (  12,  17), (  21,  26), (  32,  37), (  36,  41), (  15,  20), (   4,   9), (  23,  28), (  42,   4), (  20,  25), (  27,  32), (  40,   2), (  17,  22), (  30,  35), (  25,  30), (   7,  12), (   3,   8)]
[(  12,  18), (  42,   5), (  25,  31), (  24,  30), (  36,  42), (   3,   9), (   6,  12), (  22,  28), (  11,  17), (  39,   2), (  35,  41), (  31,  37), (  33,  39), (  17,  23), (  38,   1), (  29,  35), (  16,  22), (  34,  40), (   4,  10), (   5,  11), (  40,   3), (  30,  36), (   9,  15), (  27,  33), (  21,  27), (  14,  20), (  23,  29), (  41,   4), (   2,   8), (  19,  25), (  15,  21), (  18,  24), (  26,  32), (  13,  19), (  28,  34), (  32,  38), (   8,  14), (   1,   7), (   7,  13), (  20,  26), (  10,  16)]
[(  30,  37), (  29,  36), (  27,  34), (   8,  15), (  11,  18), (   1,   8), (  22,  29), (  25,  32), (  16,  23), (  24,  31), (  19,  26), (  10,  17), (   2,   9), (  12,  19), (  32,  39), (   7,  14), (   3,  10), (  23,  30), (   6,  13), (  39,   3), (  18,  25), (  37,   1), (   4,  11), (  34,  41), (  33,  40), (  40,   4), (  31,  38), (   9,  16), (   5,  12), (  35,  42), (  26,  33), (  14,  21), (  20,  27), (  42,   6), (  17,  24), (  28,  35), (  21,  28), (  13,  20), (  41,   5), (  15,  22), (  38,   2)]
[(  38,   3), (  30,  38), (  11,  19), (  23,  31), (  14,  22), (  20,  28), (  31,  39), (  13,  21), (  39,   4), (  33,  41), (  25,  33), (  27,  35), (   8,  16), (  34,  42), (   9,  17), (  22,  30), (  28,  36), (  12,  20), (  26,  34), (   1,   9), (  29,  37), (   4,  12), (  18,  26), (  15,  23), (   3,  11), (  42,   7), (  36,   1), (  17,  25), (   6,  14), (  10,  18), (   2,  10), (  37,   2), (   7,  15), (  21,  29), (  41,   6), (   5,  13), (  40,   5), (  32,  40), (  24,  32), (  16,  24), (  19,  27)]
[(  40,   6), (   4,  13), (  30,  39), (  17,  26), (  28,  37), (  13,  22), (  37,   3), (  15,  24), (  36,   2), (  26,  35), (   8,  17), (   6,  15), (  29,  38), (  11,  20), (  18,  27), (  42,   8), (  24,  33), (  22,  31), (   9,  18), (  25,  34), (  35,   1), (  31,  40), (  39,   5), (  21,  30), (  38,   4), (   1,  10), (  33,  42), (   2,  11), (  10,  19), (  32,  41), (  19,  28), (  16,  25), (   3,  12), (  23,  32), (  20,  29), (  41,   7), (   7,  16), (   5,  14), (  12,  21), (  27,  36), (  14,  23)]
[(  23,  33), (  31,  41), (  13,  23), (  35,   2), (  20,  30), (  27,  37), (  34,   1), (  17,  27), (  32,  42), (  18,  28), (  22,  32), (   1,  11), (  11,  21), (   6,  16), (  37,   4), (  24,  34), (  41,   8), (   5,  15), (  28,  38), (   7,  17), (   4,  14), (  10,  20), (  40,   7), (   2,  12), (  29,  39), (   9,  19), (  14,  24), (  21,  31), (  15,  25), (   3,  13), (  25,  35), (  30,  40), (  38,   5), (  36,   3), (   8,  18), (  39,   6), (  42,   9), (  16,  26), (  26,  36), (  19,  29), (  12,  22)]
[(  24,  35), (   7,  18), (  33,   1), (  16,  27), (  35,   3), (  14,  25), (  25,  36), (   3,  14), (   1,  12), (  12,  23), (   2,  13), (  41,   9), (  26,  37), (  27,  38), (  34,   2), (  36,   4), (  15,  26), (  21,  32), (  22,  33), (   4,  15), (  38,   6), (  39,   7), (  19,  30), (   6,  17), (  13,  24), (  28,  39), (   5,  16), (  23,  34), (  17,  28), (  29,  40), (  40,   8), (   8,  19), (  18,  29), (  30,  41), (  11,  22), (   9,  20), (  20,  31), (  31,  42), (  42,  10), (  10,  21), (  37,   5)]
[(   4,  16), (   8,  20), (  24,  36), (  22,  34), (  12,  24), (  11,  23), (  28,  40), (   7,  19), (  13,  25), (  30,  42), (  18,  30), (  39,   8), (  23,  35), (  21,  33), (  14,  26), (  40,   9), (  42,  11), (  33,   2), (  25,  37), (  19,  31), (  27,  39), (  16,  28), (  32,   1), (  20,  32), (  37,   6), (   3,  15), (  41,  10), (   6,  18), (  26,  38), (  36,   5), (   1,  13), (  38,   7), (   9,  21), (   5,  17), (   2,  14), (  10,  22), (  15,  27), (  29,  41), (  17,  29), (  34,   3), (  35,   4)]
[(  28,  41), (  22,  35), (  29,  42), (  41,  11), (   2,  15), (  18,  31), (  35,   5), (  23,  36), (  15,  28), (   7,  20), (  36,   6), (   5,  18), (  27,  40), (  40,  10), (  20,  33), (  26,  39), (   6,  19), (  25,  38), (   1,  14), (  32,   2), (  42,  12), (  19,  32), (  33,   3), (  16,  29), (   9,  22), (  11,  24), (  17,  30), (  14,  27), (  31,   1), (   8,  21), (  37,   7), (   4,  17), (  24,  37), (  38,   8), (  10,  23), (  21,  34), (  34,   4), (  12,  25), (   3,  16), (  39,   9), (  13,  26)]
[(  34,   5), (  25,  39), (  18,  32), (  32,   3), (   9,  23), (  39,  10), (  10,  24), (  12,  26), (  21,  35), (  22,  36), (  38,   9), (  24,  38), (  17,  31), (  37,   8), (  41,  12), (   5,  19), (  23,  37), (  14,  28), (  27,  41), (  28,  42), (  19,  33), (  15,  29), (   6,  20), (   4,  18), (  36,   7), (  35,   6), (   8,  22), (  26,  40), (  13,  27), (   2,  16), (  20,  34), (   1,  15), (  40,  11), (  31,   2), (   7,  21), (  16,  30), (  30,   1), (   3,  17), (  33,   4), (  42,  13), (  11,  25)]
[(  10,  25), (   9,  24), (   7,  22), (   6,  21), (  38,  10), (  21,  36), (  27,  42), (  18,  33), (  31,   3), (  19,  34), (  29,   1), (  42,  14), (  32,   4), (  30,   2), (  13,  28), (  12,  27), (  40,  12), (  36,   8), (   8,  23), (  23,  38), (  17,  32), (  33,   5), (  14,  29), (  35,   7), (   5,  20), (  16,  31), (   4,  19), (  15,  30), (  22,  37), (  39,  11), (   3,  18), (  41,  13), (   1,  16), (  24,  39), (  25,  40), (  11,  26), (  26,  41), (  37,   9), (  20,  35), (   2,  17), (  34,   6)]
[(  20,  36), (  11,  27), (   5,  21), (  13,  29), (  16,  32), (  32,   5), (  41,  14), (  37,  10), (  34,   7), (   1,  17), (  31,   4), (   4,  20), (  18,  34), (  25,  41), (  19,  35), (   2,  18), (  14,  30), (  10,  26), (  30,   3), (   8,  24), (  15,  31), (  26,  42), (  21,  37), (  40,  13), (  12,  28), (  29,   2), (   9,  25), (   3,  19), (  24,  40), (   7,  23), (  23,  39), (  39,  12), (  35,   8), (  28,   1), (  42,  15), (  17,  33), (  33,   6), (   6,  22), (  22,  38), (  38,  11), (  36,   9)]
[(  14,  31), (  32,   6), (  28,   2), (  38,  12), (  33,   7), (  17,  34), (   9,  26), (  30,   4), (  20,  37), (  40,  14), (  23,  40), (  29,   3), (  41,  15), (  22,  39), (   5,  22), (   6,  23), (  31,   5), (  42,  16), (   7,  24), (  16,  33), (  24,  41), (  34,   8), (  25,  42), (  11,  28), (   2,  19), (  21,  38), (   3,  20), (  36,  10), (   4,  21), (  27,   1), (  12,  29), (  35,   9), (  13,  30), (  10,  27), (  39,  13), (   1,  18), (  18,  35), (  19,  36), (  37,  11), (   8,  25), (  15,  32)]
[(   9,  27), (  10,  28), (   8,  26), (  19,  37), (  13,  31), (  40,  15), (   2,  20), (  31,   6), (  33,   8), (  38,  13), (  28,   3), (  16,  34), (   7,  25), (  18,  36), (   6,  24), (   3,  21), (  20,  38), (  17,  35), (  42,  17), (  37,  12), (   5,  23), (  27,   2), (  35,  10), (  26,   1), (  41,  16), (  23,  41), (  32,   7), (  24,  42), (  34,   9), (   4,  22), (  30,   5), (  36,  11), (  39,  14), (  22,  40), (  12,  30), (  29,   4), (  11,  29), (  15,  33), (   1,  19), (  14,  32), (  21,  39)]
[(   7,  26), (  40,  16), (  38,  14), (  25,   1), (   8,  27), (  16,  35), (   4,  23), (  35,  11), (  22,  41), (  29,   5), (  39,  15), (  26,   2), (  36,  12), (   5,  24), (  11,  30), (   1,  20), (   2,  21), (  27,   3), (  21,  40), (  30,   6), (  34,  10), (   6,  25), (  12,  31), (   3,  22), (  32,   8), (  37,  13), (  15,  34), (  20,  39), (  42,  18), (  14,  33), (  41,  17), (  10,  29), (  17,  36), (  33,   9), (  19,  38), (  23,  42), (  13,  32), (  28,   4), (   9,  28), (  18,  37), (  31,   7)]
[(  22,  42), (   1,  21), (  40,  17), (  33,  10), (  21,  41), (  42,  19), (  38,  15), (  20,  40), (  29,   6), (  32,   9), (   7,  27), (  30,   7), (  10,  30), (   9,  29), (   3,  23), (  11,  31), (  27,   4), (   4,  24), (  12,  32), (  41,  18), (  36,  13), (  18,  38), (   8,  28), (  19,  39), (  15,  35), (   5,  25), (  35,  12), (  13,  33), (  39,  16), (  17,  37), (  16,  36), (   6,  26), (   2,  22), (  37,  14), (  26,   3), (  31,   8), (  25,   2), (  34,  11), (  14,  34), (  28,   5), (  24,   1)]
[(  39,  17), (  34,  12), (  20,  41), (   7,  28), (   4,  25), (  12,  33), (  33,  11), (  38,  16), (   5,  26), (  37,  15), (  21,  42), (  19,  40), (  42,  20), (  35,  13), (   8,  29), (  32,  10), (  13,  34), (  29,   7), (  15,  36), (  36,  14), (   9,  30), (  14,  35), (  17,  38), (  31,   9), (  10,  31), (  30,   8), (  18,  39), (   1,  22), (  11,  32), (  28,   6), (   6,  27), (  27,   5), (  41,  19), (  26,   4), (  16,  37), (  25,   3), (   3,  24), (  24,   2), (   2,  23), (  23,   1), (  40,  18)]