[(   1,   2), (   2,   3), (   3,   4), (   4,   5), (   5,   6), (   6,   7), (   7,   8), (   8,   9), (   9,  10), (  10,  11), (  11,  12), (  12,  13), (  13,  14), (  14,  15), (  15,  16), (  16,  17), (  17,  18), (  18,  19), (  19,  20), (  20,  21), (  21,  22), (  22,  23), (  23,  24), (  24,  25), (  25,  26), (  26,  27), (  27,  28), (  28,  29), (  29,  30), (  30,  31), (  31,  32), (  32,  33), (  33,  34), (  34,  35), (  35,  36), (  36,  37), (  37,  38), (  38,  39), (  39,  40), (  40,  41), (  41,  42)]
[(  39,  41), (  37,  39), (  35,  37), (  33,  35), (  16,  18), (  29,  31), (  17,  19), (  25,  27), (  23,  25), (   2,   4), (  19,  21), (   4,   6), (  27,  29), (  26,  28), (  38,  40), (   9,  11), (   7,   9), (  11,  13), (  31,  33), (   1,   3), (  42,   1), (  40,  42), (  18,  20), (  14,  16), (  34,  36), (  32,  34), (  36,  38), (  13,  15), (  15,  17), (  24,  26), (  22,  24), (   5,   7), (  21,  23), (  12,  14), (   3,   5), (  30,  32), (  10,  12), (   8,  10), (   6,   8), (  28,  30), (  20,  22)]
[(  37,  40), (  35,  38), (  31,  34), (  28,  31), (  26,  29), (  22,  25), (   1,   4), (  16,  19), (   8,  11), (  27,  30), (   7,  10), (  19,  22), (  39,  42), (  42,   2), (  29,  32), (  20,  23), (  32,  35), (  30,  33), (  21,  24), (  23,  26), (  34,  37), (  17,  20), (  38,  41), (   2,   5), (   5,   8), (  13,  16), (  18,  21), (   6,   9), (  41,   1), (  36,  39), (  33,  36), (   3,   6), (  14,  17), (  25,  28), (  11,  14), (  24,  27), (  15,  18), (  12,  15), (   9,  12), (   4,   7), (  10,  13)]
[(   4,   8), (   8,  12), (  12,  16), (  16,  20), (  15,  19), (  24,  28), (  31,  35), (  32,  36), (  36,  40), (  42,   3), (   1,   5), (  26,  30), (   5,   9), (   9,  13), (   3,   7), (  21,  25), (  25,  29), (   6,  10), (   7,  11), (  37,  41), (  41,   2), (   2,   6), (  40,   1), (  33,  37), (  14,  18), (  18,  22), (  11,  15), (  30,  34), (  28,  32), (  34,  38), (  38,  42), (  17,  21), (  35,  39), (  22,  26), (  20,  24), (  10,  14), (  19,  23), (  23,  27), (  27,  31), (  13,  17), (  29,  33)]
[(  33,  38), (   1,   6), (  23,  28), (  18,  23), (  32,  37), (   8,  13), (  27,  32), (  41,   3), (  42,   4), (  34,  39), (  26,  31), (  11,  16), (  10,  15), (   3,   8), (  31,  36), (  19,  24), (  39,   1), (   2,   7), (  30,  35), (  24,  29), (  28,  33), (  14,  19), (   5,  10), (  13,  18), (  37,  42), (  36,  41), (  29,  34), (  16,  21), (  21,  26), (  17,  22), (  12,  17), (   9,  14), (   7,  12), (   4,   9), (  40,   2), (  35,  40), (  25,  30), (  20,  25), (  15,  20), (  22,  27), (   6,  11)]
[(   6,  12), (  10,  16), (  18,  24), (  24,  30), (  30,  36), (  36,  42), (  42,   5), (   5,  11), (  21,  27), (  17,  23), (  23,  29), (  29,  35), (  35,  41), (  41,   4), (   4,  10), (  40,   3), (  16,  22), (  22,  28), (  28,  34), (  34,  40), (  12,  18), (   3,   9), (   9,  15), (  15,  21), (  27,  33), (  11,  17), (  33,  39), (  39,   2), (   2,   8), (   8,  14), (  14,  20), (  20,  26), (  26,  32), (  32,  38), (  38,   1), (   1,   7), (   7,  13), (  13,  19), (  19,  25), (  25,  31), (  31,  37)]
[(  29,  36), (  18,  25), (  15,  22), (   8,  15), (   1,   8), (  37,   1), (  30,  37), (  23,  30), (  26,  33), (   9,  16), (   2,   9), (  38,   2), (  31,  38), (  24,  31), (  17,  24), (  22,  29), (   3,  10), (  39,   3), (  32,  39), (  25,  32), (  10,  17), (  11,  18), (   4,  11), (  40,   4), (  16,  23), (  33,  40), (  19,  26), (  12,  19), (   5,  12), (  41,   5), (  34,  41), (  27,  34), (  20,  27), (  13,  20), (   6,  13), (  42,   6), (  35,  42), (  28,  35), (  21,  28), (  14,  21), (   7,  14)]
[(  27,  35), (  19,  27), (  11,  19), (   3,  11), (  34,  42), (  30,  38), (  26,  34), (  14,  22), (   6,  14), (  20,  28), (  33,  41), (   9,  17), (  16,  24), (  22,  30), (  41,   6), (  36,   1), (  28,  36), (  29,  37), (   5,  13), (   4,  12), (  39,   4), (  31,  39), (   8,  16), (  38,   3), (   7,  15), (  42,   7), (  12,  20), (  17,  25), (  25,  33), (  10,  18), (   2,  10), (  23,  31), (  37,   2), (  15,  23), (  21,  29), (  13,  21), (  40,   5), (  32,  40), (  24,  32), (  18,  26), (   1,   9)]
[(   9,  18), (  17,  26), (  27,  36), (  36,   2), (  14,  23), (  11,  20), (   3,  12), (  29,  38), (  19,  28), (  35,   1), (  13,  22), (  31,  40), (  40,   6), (  16,  25), (  30,  39), (  18,  27), (  24,  33), (  25,  34), (   1,  10), (   8,  17), (  15,  24), (  26,  35), (  33,  42), (  23,  32), (  38,   4), (  10,  19), (   5,  14), (  22,  31), (  37,   3), (  12,  21), (  21,  30), (   4,  13), (   6,  15), (  42,   8), (  28,  37), (   2,  11), (  32,  41), (  41,   7), (   7,  16), (  20,  29), (  39,   5)]
[(  10,  20), (  31,  41), (  30,  40), (  40,   7), (  25,  35), (  17,  27), (  11,  21), (  37,   4), (  35,   2), (  21,  31), (  24,  34), (  32,  42), (  22,  32), (  34,   1), (  23,  33), (  38,   5), (  41,   8), (  14,  24), (  12,  22), (  28,  38), (  20,  30), (   5,  15), (  19,  29), (  39,   6), (   2,  12), (   4,  14), (   7,  17), (  27,  37), (  13,  23), (  42,   9), (   9,  19), (  29,  39), (   8,  18), (   6,  16), (  16,  26), (  18,  28), (  26,  36), (  36,   3), (   3,  13), (   1,  11), (  15,  25)]
[(  11,  22), (  22,  33), (  33,   1), (   1,  12), (  41,   9), (  23,  34), (  18,  29), (   2,  13), (  13,  24), (  38,   6), (  35,   3), (  14,  25), (  25,  36), (  10,  21), (   8,  19), (   4,  15), (  15,  26), (  21,  32), (   6,  17), (   5,  16), (  16,  27), (  27,  38), (  26,  37), (   9,  20), (  17,  28), (  28,  39), (  30,  41), (   3,  14), (   7,  18), (  29,  40), (  40,   8), (  24,  35), (  36,   4), (  37,   5), (  39,   7), (  12,  23), (  20,  31), (  31,  42), (  42,  10), (  34,   2), (  19,  30)]
[(  19,  31), (  11,  23), (  38,   7), (  26,  38), (  10,  22), (   2,  14), (  16,  28), (  21,  33), (  32,   1), (  12,  24), (  28,  40), (  24,  36), (  33,   2), (  27,  39), (  13,  25), (  37,   6), (  42,  11), (  23,  35), (  14,  26), (   6,  18), (   7,  19), (  25,  37), (  22,  34), (  41,  10), (  20,  32), (   9,  21), (   1,  13), (  35,   4), (   4,  16), (  15,  27), (   3,  15), (  30,  42), (  40,   9), (  29,  41), (  18,  30), (   8,  20), (  17,  29), (   5,  17), (  36,   5), (  39,   8), (  34,   3)]
[(  13,  26), (  15,  28), (  39,   9), (   9,  22), (   7,  20), (  35,   5), (  20,  33), (  18,  31), (  37,   7), (  19,  32), (  14,  27), (  10,  23), (   4,  17), (   5,  18), (   1,  14), (  26,  39), (   6,  19), (  42,  12), (  38,   8), (   2,  15), (  36,   6), (  28,  41), (  17,  30), (  22,  35), (  31,   1), (  24,  37), (  32,   2), (  40,  10), (  27,  40), (   3,  16), (  16,  29), (  41,  11), (  29,  42), (  11,  24), (  12,  25), (  25,  38), (   8,  21), (  21,  34), (  34,   4), (  33,   3), (  23,  36)]
[(  14,  28), (  36,   7), (  42,  13), (  13,  27), (   3,  17), (  41,  12), (  39,  10), (  26,  40), (  20,  34), (  15,  29), (  25,  39), (   1,  15), (  12,  26), (  19,  33), (  21,  35), (  28,  42), (  23,  37), (  38,   9), (  27,  41), (  22,  36), (   9,  23), (   7,  21), (  32,   3), (  17,  31), (  40,  11), (   6,  20), (  35,   6), (  24,  38), (  10,  24), (  33,   4), (   4,  18), (  37,   8), (  11,  25), (  31,   2), (   8,  22), (  34,   5), (   2,  16), (  16,  30), (  30,   1), (   5,  19), (  18,  32)]
[(  15,  30), (  14,  29), (   2,  17), (  17,  32), (  24,  39), (   4,  19), (  41,  13), (  34,   6), (   3,  18), (   7,  22), (  36,   8), (  33,   5), (   8,  23), (  23,  38), (  22,  37), (  30,   2), (  40,  12), (   1,  16), (  37,   9), (  42,  14), (  25,  40), (  29,   1), (  21,  36), (  27,  42), (   6,  21), (  31,   3), (   9,  24), (   5,  20), (  19,  34), (  20,  35), (  35,   7), (  10,  25), (  13,  28), (  18,  33), (  32,   4), (  16,  31), (  39,  11), (  11,  26), (  26,  41), (  38,  10), (  12,  27)]
[(  16,  32), (  32,   5), (   5,  21), (  21,  37), (  40,  13), (  10,  26), (   9,  25), (  42,  15), (  15,  31), (  25,  41), (   4,  20), (  34,   7), (  18,  34), (  20,  36), (  11,  27), (  41,  14), (  14,  30), (  31,   4), (   2,  18), (  19,  35), (  35,   8), (   8,  24), (  39,  12), (  28,   1), (  13,  29), (  29,   2), (  37,  10), (  26,  42), (  38,  11), (   7,  23), (  23,  39), (  12,  28), (  30,   3), (   1,  17), (  17,  33), (   3,  19), (  33,   6), (   6,  22), (  22,  38), (  36,   9), (  24,  40)]
[(  17,  34), (  13,  30), (   8,  25), (  25,  42), (  21,  38), (  16,  33), (  23,  40), (   7,  24), (  12,  29), (  40,  14), (  15,  32), (  20,  37), (   3,  20), (  32,   6), (   9,  26), (  34,   8), (  31,   5), (  41,  15), (  29,   3), (  39,  13), (  14,  31), (  30,   4), (  28,   2), (  19,  36), (  24,  41), (  38,  12), (  42,  16), (  33,   7), (  35,   9), (  37,  11), (  11,  28), (   2,  19), (   5,  22), (  36,  10), (  10,  27), (  22,  39), (  27,   1), (   1,  18), (  18,  35), (   6,  23), (   4,  21)]
[(   7,  25), (  34,   9), (  14,  32), (  39,  14), (  27,   2), (   3,  21), (   6,  24), (  10,  28), (  30,   5), (  33,   8), (  42,  17), (  28,   3), (  19,  37), (  37,  12), (   2,  20), (  32,   7), (  20,  38), (   8,  26), (  40,  15), (   9,  27), (  38,  13), (  16,  34), (  13,  31), (  12,  30), (  35,  10), (   5,  23), (  22,  40), (  36,  11), (  31,   6), (   1,  19), (  26,   1), (  18,  36), (  41,  16), (  21,  39), (  23,  41), (  15,  33), (   4,  22), (  29,   4), (  11,  29), (  24,  42), (  17,  35)]
[(   5,  24), (  21,  40), (  10,  29), (  34,  10), (  28,   4), (  39,  15), (  38,  14), (   1,  20), (  22,  41), (  18,  37), (  30,   6), (   8,  27), (  11,  30), (  35,  11), (  42,  18), (  12,  31), (   2,  21), (  17,  36), (  23,  42), (  31,   7), (  29,   5), (  36,  12), (   6,  25), (   7,  26), (   3,  22), (  25,   1), (   4,  23), (  32,   8), (  20,  39), (  13,  32), (  37,  13), (  40,  16), (  19,  38), (  27,   3), (  15,  34), (  41,  17), (   9,  28), (  33,   9), (  14,  33), (  16,  35), (  26,   2)]
[(   3,  23), (   4,  24), (   6,  26), (  29,   6), (  11,  31), (  32,   9), (   2,  22), (  35,  12), (  39,  16), (  36,  13), (  18,  38), (  21,  41), (   1,  21), (  40,  17), (  28,   5), (  33,  10), (  27,   4), (  20,  40), (  16,  36), (  10,  30), (  26,   3), (  13,  33), (   7,  27), (  34,  11), (  19,  39), (  15,  35), (  31,   8), (  41,  18), (  22,  42), (  25,   2), (   5,  25), (  38,  15), (  24,   1), (  30,   7), (  42,  19), (   9,  29), (  14,  34), (  37,  14), (  17,  37), (  12,  32), (   8,  28)]
[(  21,  42), (  42,  20), (  20,  41), (  41,  19), (  12,  33), (  40,  18), (  15,  36), (  39,  17), (  17,  38), (   5,  26), (  16,  37), (  18,  39), (   7,  28), (  29,   7), (  34,  12), (  35,  13), (  13,  34), (  27,   5), (   4,  25), (  33,  11), (  11,  32), (  32,  10), (  14,  35), (   8,  29), (   9,  30), (  30,   8), (  25,   3), (  23,   1), (  36,  14), (  28,   6), (   6,  27), (   1,  22), (  10,  31), (  19,  40), (  31,   9), (  26,   4), (   3,  24), (  24,   2), (   2,  23), (  37,  15), (  38,  16)]