[(   1,   2), (   2,   3), (   3,   4), (   4,   5), (   5,   6), (   6,   7), (   7,   8), (   8,   9), (   9,  10), (  10,  11), (  11,  12), (  12,  13), (  13,  14), (  14,  15), (  15,  16), (  16,  17), (  17,  18), (  18,  19), (  19,  20), (  20,  21), (  21,  22), (  22,  23), (  23,  24), (  24,  25), (  25,  26), (  26,  27), (  27,  28), (  28,  29), (  29,  30), (  30,  31), (  31,  32), (  32,  33), (  33,  34), (  34,  35), (  35,  36), (  36,  37), (  37,  38), (  38,  39), (  39,  40)]
[(  19,  21), (  35,  37), (  15,  17), (  32,  34), (  25,  27), (  37,  39), (  26,  28), (  16,  18), (  21,  23), (   6,   8), (  17,  19), (  27,  29), (  31,  33), (  11,  13), (  36,  38), (  30,  32), (  38,  40), (   5,   7), (  10,  12), (  40,   1), (  29,  31), (  34,  36), (   1,   3), (   9,  11), (   3,   5), (  28,  30), (   8,  10), (  12,  14), (  22,  24), (  33,  35), (  18,  20), (  23,  25), (  13,  15), (   2,   4), (  14,  16), (   7,   9), (  24,  26), (   4,   6), (  20,  22)]
[(  35,  38), (  23,  26), (   8,  11), (  16,  19), (   7,  10), (  25,  28), (  20,  23), (  21,  24), (  14,  17), (  40,   2), (  37,  40), (  33,  36), (   9,  12), (  36,  39), (  26,  29), (  28,  31), (  27,  30), (  32,  35), (   4,   7), (  19,  22), (  34,  37), (   6,   9), (  11,  14), (  10,  13), (  12,  15), (   2,   5), (  29,  32), (   5,   8), (   1,   4), (  39,   1), (  24,  27), (  17,  20), (  18,  21), (  13,  16), (  31,  34), (  22,  25), (  30,  33), (  15,  18), (   3,   6)]
[(  33,  37), (  29,  33), (  25,  29), (  21,  25), (  17,  21), (  13,  17), (   9,  13), (  36,  40), (  40,   3), (  30,  34), (   5,   9), (  34,  38), (  26,  30), (  22,  26), (  18,  22), (  14,  18), (  10,  14), (   6,  10), (   2,   6), (  39,   2), (  35,  39), (  31,  35), (  27,  31), (  23,  27), (  19,  23), (  15,  19), (  11,  15), (   3,   7), (  32,  36), (   7,  11), (  38,   1), (   1,   5), (  28,  32), (  24,  28), (  20,  24), (  16,  20), (  12,  16), (   8,  12), (   4,   8)]
[(   9,  14), (  10,  15), (  19,  24), (  38,   2), (  35,  40), (   5,  10), (  12,  17), (  30,  35), (  22,  27), (  37,   1), (  21,  26), (  32,  37), (  20,  25), (  29,  34), (  28,  33), (   2,   7), (  23,  28), (   3,   8), (  11,  16), (  18,  23), (  25,  30), (  33,  38), (  13,  18), (  34,  39), (   8,  13), (   7,  12), (  16,  21), (   4,   9), (  15,  20), (  40,   4), (  14,  19), (   6,  11), (  24,  29), (  31,  36), (   1,   6), (  39,   3), (  17,  22), (  26,  31), (  27,  32)]
[(  23,  29), (   5,  11), (  36,   1), (  29,  35), (  32,  38), (  27,  33), (  18,  24), (   7,  13), (  20,  26), (  13,  19), (  25,  31), (  11,  17), (  16,  22), (  31,  37), (  39,   4), (   9,  15), (   2,   8), (  34,  40), (  21,  27), (  38,   3), (  14,  20), (   1,   7), (  33,  39), (  26,  32), (  37,   2), (   4,  10), (  19,  25), (  24,  30), (  10,  16), (  22,  28), (  15,  21), (  28,  34), (  17,  23), (   8,  14), (   3,   9), (   6,  12), (  40,   5), (  30,  36), (  12,  18)]
[(  27,  34), (  40,   6), (   5,  12), (  10,  17), (  30,  37), (  31,  38), (  33,  40), (  25,  32), (  39,   5), (  18,  25), (  15,  22), (   8,  15), (  21,  28), (   2,   9), (   6,  13), (  38,   4), (  22,  29), (  20,  27), (  23,  30), (  17,  24), (  11,  18), (  14,  21), (  12,  19), (  37,   3), (  28,  35), (  32,  39), (  13,  20), (  26,  33), (  19,  26), (  16,  23), (  36,   2), (   9,  16), (   1,   8), (   3,  10), (   4,  11), (  24,  31), (  29,  36), (  35,   1), (   7,  14)]
[(  39,   6), (  16,  24), (  14,  22), (  28,  36), (  15,  23), (   8,  16), (  11,  19), (   2,  10), (  24,  32), (   7,  15), (  10,  18), (   6,  14), (  32,  40), (  30,  38), (  12,  20), (  36,   3), (   4,  12), (  13,  21), (  34,   1), (  37,   4), (  40,   7), (  20,  28), (  29,  37), (  38,   5), (  21,  29), (   3,  11), (   1,   9), (  27,  35), (  23,  31), (  26,  34), (   9,  17), (  31,  39), (  22,  30), (  25,  33), (  18,  26), (   5,  13), (  19,  27), (  17,  25), (  35,   2)]
[(   8,  17), (  18,  27), (  26,  35), (  11,  20), (  22,  31), (   9,  18), (  38,   6), (   5,  14), (  19,  28), (  17,  26), (  33,   1), (   1,  10), (  36,   4), (   3,  12), (  34,   2), (  20,  29), (  25,  34), (  30,  39), (  28,  37), (  16,  25), (   4,  13), (   2,  11), (   7,  16), (  12,  21), (  39,   7), (  29,  38), (  37,   5), (  31,  40), (  40,   8), (  15,  24), (  13,  22), (  27,  36), (  35,   3), (  23,  32), (  10,  19), (  21,  30), (   6,  15), (  14,  23), (  24,  33)]
[(  10,  20), (  20,  30), (  30,  40), (  40,   9), (   9,  19), (  19,  29), (  29,  39), (  28,  38), (  33,   2), (  23,  33), (  38,   7), (  18,  28), (   7,  17), (  17,  27), (  27,  37), (  37,   6), (   6,  16), (  16,  26), (  26,  36), (  36,   5), (   5,  15), (  15,  25), (  25,  35), (  35,   4), (   4,  14), (  14,  24), (  24,  34), (  13,  23), (  34,   3), (   8,  18), (  39,   8), (   3,  13), (   2,  12), (  12,  22), (  22,  32), (  32,   1), (   1,  11), (  11,  21), (  21,  31)]
[(  11,  22), (  14,  25), (  28,  39), (  26,  37), (  18,  29), (  34,   4), (  25,  36), (  31,   1), (  36,   6), (  24,  35), (  32,   2), (  20,  31), (  38,   8), (  21,  32), (   3,  14), (  23,  34), (  13,  24), (  22,  33), (  29,  40), (  15,  26), (   1,  12), (   8,  19), (  17,  28), (   7,  18), (  27,  38), (   9,  20), (  33,   3), (  10,  21), (  39,   9), (   6,  17), (  35,   5), (  40,  10), (   5,  16), (  37,   7), (  12,  23), (   4,  15), (   2,  13), (  16,  27), (  19,  30)]
[(  12,  24), (  19,  31), (  38,   9), (   6,  18), (   1,  13), (  11,  23), (  31,   2), (  15,  27), (  37,   8), (  20,  32), (  27,  39), (   4,  16), (  34,   5), (   8,  20), (   7,  19), (  40,  11), (   3,  15), (  24,  36), (  13,  25), (  35,   6), (  16,  28), (   5,  17), (  26,  38), (  30,   1), (  22,  34), (  21,  33), (  36,   7), (  25,  37), (   2,  14), (   9,  21), (  33,   4), (  14,  26), (  39,  10), (  18,  30), (  28,  40), (  23,  35), (  32,   3), (  10,  22), (  17,  29)]
[(  15,  28), (   4,  17), (  21,  34), (   1,  14), (   3,  16), (  40,  12), (  32,   4), (  20,  33), (  18,  31), (   9,  22), (  23,  36), (  22,  35), (  39,  11), (  33,   5), (  17,  30), (  12,  25), (  35,   7), (   2,  15), (  31,   3), (  14,  27), (  38,  10), (  26,  39), (  34,   6), (  16,  29), (  11,  24), (  36,   8), (  30,   2), (   6,  19), (   5,  18), (  19,  32), (  10,  23), (   8,  21), (  37,   9), (  29,   1), (  25,  38), (  27,  40), (   7,  20), (  24,  37), (  13,  26)]
[(  40,  13), (  39,  12), (   2,  16), (  13,  27), (  20,  34), (  22,  36), (   1,  15), (   3,  17), (  15,  29), (  31,   4), (  35,   8), (  30,   3), (  10,  24), (   4,  18), (   9,  23), (  21,  35), (  32,   5), (  11,  25), (   8,  22), (  34,   7), (  19,  33), (  16,  30), (  36,   9), (   6,  20), (  18,  32), (  23,  37), (  17,  31), (  38,  11), (  33,   6), (  37,  10), (  12,  26), (  24,  38), (  26,  40), (   5,  19), (   7,  21), (  14,  28), (  25,  39), (  29,   2), (  28,   1)]
[(  30,   4), (  34,   8), (  18,  33), (  15,  30), (  28,   2), (  20,  35), (  22,  37), (  19,  34), (   1,  16), (  29,   3), (  14,  29), (   9,  24), (  27,   1), (  10,  25), (  31,   5), (  24,  39), (  21,  36), (  23,  38), (  35,   9), (  13,  28), (  32,   6), (   3,  18), (   5,  20), (   2,  17), (  36,  10), (  16,  31), (  40,  14), (  17,  32), (  12,  27), (  38,  12), (  25,  40), (   7,  22), (   4,  19), (   6,  21), (  39,  13), (  11,  26), (   8,  23), (  33,   7), (  37,  11)]
[(  16,  32), (  32,   7), (   7,  23), (  23,  39), (  39,  14), (  14,  30), (  30,   5), (  37,  12), (  38,  13), (  12,  28), (   4,  20), (   5,  21), (   3,  19), (  19,  35), (  35,  10), (  10,  26), (  26,   1), (   1,  17), (  17,  33), (  33,   8), (   8,  24), (  24,  40), (  40,  15), (  15,  31), (  31,   6), (   6,  22), (  22,  38), (  20,  36), (  21,  37), (  13,  29), (  28,   3), (  29,   4), (  36,  11), (  11,  27), (  27,   2), (   2,  18), (  18,  34), (  34,   9), (   9,  25)]
[(  31,   7), (  21,  38), (  20,  37), (   7,  24), (  36,  12), (  15,  32), (  10,  27), (  22,  39), (  35,  11), (  38,  14), (  13,  30), (  23,  40), (  18,  35), (  40,  16), (   8,  25), (   5,  22), (  33,   9), (  28,   4), (  39,  15), (  12,  29), (  26,   2), (  37,  13), (  32,   8), (  19,  36), (  16,  33), (  25,   1), (   6,  23), (   1,  18), (  11,  28), (  27,   3), (  30,   6), (   2,  19), (  14,  31), (   9,  26), (  29,   5), (  17,  34), (   4,  21), (   3,  20), (  34,  10)]
[(  18,  36), (  36,  13), (  13,  31), (  31,   8), (   8,  26), (  26,   3), (   3,  21), (  11,  29), (  30,   7), (  21,  39), (  16,  34), (  25,   2), (  29,   6), (   6,  24), (  24,   1), (   1,  19), (  19,  37), (  37,  14), (  14,  32), (  32,   9), (   9,  27), (  27,   4), (   4,  22), (  22,  40), (  40,  17), (  17,  35), (  35,  12), (  39,  16), (   7,  25), (   2,  20), (  34,  11), (  12,  30), (  20,  38), (  38,  15), (  15,  33), (  33,  10), (  10,  28), (  28,   5), (   5,  23)]
[(  25,   3), (   9,  28), (  32,  10), (   3,  22), (  33,  11), (  24,   2), (  16,  35), (   4,  23), (  34,  12), (  27,   5), (  28,   6), (   7,  26), (  37,  15), (  23,   1), (  21,  40), (   8,  27), (  20,  39), (  12,  31), (   5,  24), (  11,  30), (  17,  36), (  10,  29), (   2,  21), (  14,  33), (   1,  20), (  40,  18), (  26,   4), (  15,  34), (  35,  13), (  36,  14), (  29,   7), (  18,  37), (   6,  25), (  39,  17), (  30,   8), (  19,  38), (  31,   9), (  13,  32), (  38,  16)]
[(  26,   5), (  22,   1), (  27,   6), (  33,  12), (   4,  24), (   1,  21), (  14,  34), (   6,  26), (  25,   4), (  16,  36), (  24,   3), (  19,  39), (  23,   2), (  28,   7), (  32,  11), (  13,  33), (  11,  31), (   9,  29), (  18,  38), (  31,  10), (   3,  23), (  12,  32), (  10,  30), (   8,  28), (  30,   9), (  34,  13), (  39,  18), (   2,  22), (  38,  17), (   5,  25), (  37,  16), (  15,  35), (   7,  27), (  20,  40), (  17,  37), (  29,   8), (  35,  14), (  40,  19), (  36,  15)]