[(   1,   2), (   2,   3), (   3,   4), (   4,   5), (   5,   6), (   6,   7), (   7,   8), (   8,   9), (   9,  10), (  10,  11), (  11,  12), (  12,  13), (  13,  14), (  14,  15), (  15,  16), (  16,  17), (  17,  18), (  18,  19), (  19,  20), (  20,  21), (  21,  22), (  22,  23), (  23,  24), (  24,  25), (  25,  26), (  26,  27), (  27,  28), (  28,  29), (  29,  30), (  30,  31), (  31,  32), (  32,  33), (  33,  34), (  34,  35), (  35,  36), (  36,  37), (  37,  38), (  38,  39), (  39,  40)]
[(  25,  27), (  12,  14), (  16,  18), (  20,  22), (  13,  15), (  33,  35), (  29,  31), (  18,  20), (  37,  39), (  15,  17), (  32,  34), (  28,  30), (   1,   3), (  17,  19), (  31,  33), (   3,   5), (   9,  11), (   4,   6), (  34,  36), (  40,   1), (   5,   7), (  35,  37), (  30,  32), (  36,  38), (   8,  10), (  22,  24), (  38,  40), (  11,  13), (   7,   9), (  24,  26), (   2,   4), (  21,  23), (  10,  12), (   6,   8), (  26,  28), (  19,  21), (  23,  25), (  27,  29), (  14,  16)]
[(  13,  16), (  15,  18), (   7,  10), (  11,  14), (  20,  23), (  29,  32), (  10,  13), (  14,  17), (  26,  29), (   1,   4), (  33,  36), (  36,  39), (  22,  25), (   6,   9), (  35,  38), (   8,  11), (  40,   2), (  17,  20), (   4,   7), (  19,  22), (  34,  37), (  21,  24), (  39,   1), (  30,  33), (   3,   6), (  32,  35), (  16,  19), (   2,   5), (   5,   8), (  37,  40), (  12,  15), (  24,  27), (  28,  31), (   9,  12), (  18,  21), (  27,  30), (  31,  34), (  23,  26), (  25,  28)]
[(  24,  28), (  29,  33), (  26,  30), (  21,  25), (  17,  21), (   5,   9), (  33,  37), (  31,  35), (  40,   3), (  35,  39), (  25,  29), (   1,   5), (  15,  19), (  23,  27), (  30,  34), (  34,  38), (  10,  14), (   9,  13), (  18,  22), (  39,   2), (  19,  23), (  28,  32), (  27,  31), (   3,   7), (   7,  11), (  14,  18), (  22,  26), (  36,  40), (  12,  16), (   2,   6), (  38,   1), (   6,  10), (   4,   8), (  32,  36), (  20,  24), (  16,  20), (  11,  15), (   8,  12), (  13,  17)]
[(  26,  31), (   6,  11), (   8,  13), (  27,  32), (  24,  29), (  11,  16), (   4,   9), (   1,   6), (  20,  25), (  29,  34), (  22,  27), (  33,  38), (  38,   2), (  40,   4), (  17,  22), (  13,  18), (  34,  39), (  21,  26), (   5,  10), (  18,  23), (  31,  36), (  15,  20), (   2,   7), (  23,  28), (  19,  24), (  37,   1), (  39,   3), (   3,   8), (  14,  19), (   7,  12), (  16,  21), (  35,  40), (  32,  37), (  25,  30), (  12,  17), (   9,  14), (  28,  33), (  30,  35), (  10,  15)]
[(   4,  10), (  40,   5), (   5,  11), (   1,   7), (  12,  18), (  22,  28), (  32,  38), (  26,  32), (   6,  12), (  19,  25), (   8,  14), (  20,  26), (  17,  23), (   2,   8), (  39,   4), (  25,  31), (  24,  30), (  28,  34), (  21,  27), (  38,   3), (  14,  20), (   7,  13), (  11,  17), (  10,  16), (  37,   2), (  33,  39), (  18,  24), (  15,  21), (  27,  33), (  16,  22), (  29,  35), (   9,  15), (   3,   9), (  13,  19), (  23,  29), (  34,  40), (  30,  36), (  36,   1), (  31,  37)]
[(  15,  22), (  35,   1), (  20,  27), (  12,  19), (  33,  40), (   8,  15), (  21,  28), (  38,   4), (  23,  30), (   7,  14), (  24,  31), (  18,  25), (   5,  12), (  39,   5), (   6,  13), (  30,  37), (  25,  32), (   3,  10), (   2,   9), (  17,  24), (  32,  39), (  31,  38), (   9,  16), (   4,  11), (  28,  35), (  36,   2), (  29,  36), (  16,  23), (  10,  17), (  27,  34), (  11,  18), (  37,   3), (  13,  20), (  26,  33), (   1,   8), (  22,  29), (  14,  21), (  40,   6), (  19,  26)]
[(   9,  17), (  26,  34), (  29,  37), (  35,   2), (  22,  30), (   2,  10), (  15,  23), (  16,  24), (  19,  27), (  13,  21), (  10,  18), (   8,  16), (  27,  35), (  12,  20), (   3,  11), (  28,  36), (  38,   5), (  40,   7), (  32,  40), (  37,   4), (   1,   9), (  34,   1), (  36,   3), (   5,  13), (  30,  38), (  21,  29), (   6,  14), (  25,  33), (  23,  31), (  20,  28), (  14,  22), (  17,  25), (  18,  26), (  31,  39), (  11,  19), (  39,   6), (   4,  12), (   7,  15), (  24,  32)]
[(  40,   8), (  19,  28), (  15,  24), (  24,  33), (  35,   3), (  18,  27), (   5,  14), (  28,  37), (   2,  11), (  37,   5), (   7,  16), (   6,  15), (  39,   7), (  21,  30), (   9,  18), (   1,  10), (  12,  21), (  22,  31), (  29,  38), (  16,  25), (   3,  12), (  10,  19), (  20,  29), (  31,  40), (  23,  32), (  11,  20), (  34,   2), (  26,  35), (  25,  34), (  36,   4), (  30,  39), (   4,  13), (  27,  36), (  14,  23), (  38,   6), (   8,  17), (  17,  26), (  13,  22), (  33,   1)]
[(  29,  39), (  20,  30), (  28,  38), (  40,   9), (   9,  19), (  21,  31), (  16,  26), (  19,  29), (  38,   7), (  23,  33), (  37,   6), (  27,  37), (  30,  40), (  24,  34), (  26,  36), (  14,  24), (   6,  16), (  33,   2), (  13,  23), (  36,   5), (  18,  28), (  39,   8), (  25,  35), (  17,  27), (   5,  15), (   7,  17), (   1,  11), (   4,  14), (  35,   4), (   8,  18), (  34,   3), (  12,  22), (  15,  25), (  10,  20), (  22,  32), (  32,   1), (   3,  13), (  11,  21), (   2,  12)]
[(   7,  18), (  16,  27), (  32,   2), (  17,  28), (  25,  36), (  34,   4), (  36,   6), (  33,   3), (  21,  32), (  27,  38), (  28,  39), (  11,  22), (  18,  29), (  26,  37), (  29,  40), (  22,  33), (  20,  31), (  24,  35), (  31,   1), (  15,  26), (  40,  10), (   6,  17), (  10,  21), (   8,  19), (   1,  12), (   4,  15), (  12,  23), (  19,  30), (   2,  13), (   3,  14), (   9,  20), (  38,   8), (  35,   5), (  37,   7), (   5,  16), (  13,  24), (  39,   9), (  14,  25), (  23,  34)]
[(  34,   5), (  10,  22), (  23,  35), (  26,  38), (  31,   2), (  14,  26), (  18,  30), (  27,  39), (   4,  16), (  16,  28), (   1,  13), (   7,  19), (  24,  36), (  32,   3), (   8,  20), (  20,  32), (  33,   4), (  30,   1), (  12,  24), (  35,   6), (  17,  29), (  40,  11), (  37,   8), (   9,  21), (  21,  33), (  38,   9), (   5,  17), (  22,  34), (  28,  40), (  13,  25), (  25,  37), (   2,  14), (  11,  23), (  15,  27), (  39,  10), (   3,  15), (   6,  18), (  19,  31), (  36,   7)]
[(  19,  32), (  24,  37), (  21,  34), (  34,   6), (  32,   4), (  12,  25), (  22,  35), (  40,  12), (  15,  28), (  36,   8), (   2,  15), (  31,   3), (  20,  33), (  25,  38), (  10,  23), (  27,  40), (  23,  36), (  39,  11), (  17,  30), (  14,  27), (  11,  24), (  30,   2), (   5,  18), (   1,  14), (  18,  31), (   3,  16), (   8,  21), (  38,  10), (  26,  39), (  33,   5), (  13,  26), (  29,   1), (   6,  19), (  16,  29), (  37,   9), (  35,   7), (   7,  20), (   4,  17), (   9,  22)]
[(  21,  35), (  25,  39), (  36,   9), (  16,  30), (  28,   1), (  30,   3), (   3,  17), (   7,  21), (   8,  22), (  18,  32), (  26,  40), (  10,  24), (  31,   4), (  22,  36), (  14,  28), (  39,  12), (  15,  29), (  23,  37), (  33,   6), (  34,   7), (  35,   8), (   4,  18), (  12,  26), (  29,   2), (  13,  27), (   5,  19), (  37,  10), (  17,  31), (   1,  15), (   9,  23), (  19,  33), (  20,  34), (  24,  38), (  38,  11), (  40,  13), (  11,  25), (  32,   5), (   2,  16), (   6,  20)]
[(  38,  12), (   8,  23), (  25,  40), (   3,  18), (  37,  11), (  39,  13), (  24,  39), (  10,  25), (  31,   5), (   9,  24), (   5,  20), (  35,   9), (   6,  21), (  33,   7), (  27,   1), (   4,  19), (   7,  22), (  14,  29), (  11,  26), (  13,  28), (  15,  30), (  12,  27), (  19,  34), (  22,  37), (  40,  14), (  34,   8), (  20,  35), (  32,   6), (  21,  36), (  17,  32), (  36,  10), (  16,  31), (   2,  17), (  28,   2), (  30,   4), (  23,  38), (   1,  16), (  18,  33), (  29,   3)]
[(  20,  36), (  32,   7), (   6,  22), (  23,  39), (  39,  14), (  24,  40), (  11,  27), (  36,  11), (  17,  33), (  31,   6), (   3,  19), (  29,   4), (  10,  26), (  13,  29), (  21,  37), (   7,  23), (  26,   1), (  16,  32), (  28,   3), (  33,   8), (  38,  13), (   9,  25), (  40,  15), (  18,  34), (   4,  20), (  12,  28), (  15,  31), (  37,  12), (  22,  38), (  35,  10), (   8,  24), (  30,   5), (  14,  30), (   1,  17), (  27,   2), (   2,  18), (  19,  35), (  34,   9), (   5,  21)]
[(  30,   6), (   4,  21), (  14,  31), (  37,  13), (  34,  10), (  19,  36), (  25,   1), (  13,  30), (  18,  35), (  26,   2), (  21,  38), (  17,  34), (  32,   8), (   1,  18), (   2,  19), (   9,  26), (  27,   3), (  36,  12), (   8,  25), (  12,  29), (  16,  33), (  29,   5), (  38,  14), (  15,  32), (  22,  39), (  23,  40), (  33,   9), (   7,  24), (   3,  20), (  39,  15), (   6,  23), (  11,  28), (  40,  16), (   5,  22), (  31,   7), (  28,   4), (  10,  27), (  20,  37), (  35,  11)]
[(  37,  14), (  36,  13), (   1,  19), (  31,   8), (   8,  26), (  20,  38), (   2,  20), (   5,  23), (  24,   1), (  12,  30), (  17,  35), (  14,  32), (  34,  11), (  10,  28), (   7,  25), (  29,   6), (  19,  37), (  38,  15), (  39,  16), (  32,   9), (  25,   2), (  26,   3), (   4,  22), (  35,  12), (  16,  34), (  13,  31), (  30,   7), (   9,  27), (   6,  24), (  11,  29), (  40,  17), (  18,  36), (  21,  39), (   3,  21), (  15,  33), (  33,  10), (  22,  40), (  28,   5), (  27,   4)]
[(  33,  11), (  31,   9), (  39,  17), (  10,  29), (  38,  16), (  23,   1), (  34,  12), (  15,  34), (  36,  14), (   3,  22), (   4,  23), (  21,  40), (   9,  28), (  16,  35), (   5,  24), (   2,  21), (  35,  13), (   8,  27), (  37,  15), (  11,  30), (  26,   4), (  14,  33), (  28,   6), (  20,  39), (  17,  36), (   6,  25), (  13,  32), (   1,  20), (  18,  37), (  19,  38), (  27,   5), (   7,  26), (  29,   7), (  40,  18), (  25,   3), (  12,  31), (  24,   2), (  32,  10), (  30,   8)]
[(   3,  23), (  38,  17), (  33,  12), (  36,  15), (   7,  27), (  17,  37), (  40,  19), (   2,  22), (  34,  13), (  20,  40), (  30,   9), (  23,   2), (  37,  16), (  11,  31), (  12,  32), (  15,  35), (   8,  28), (   5,  25), (  35,  14), (  31,  10), (  27,   6), (  16,  36), (  13,  33), (   6,  26), (   9,  29), (  10,  30), (  25,   4), (  39,  18), (  32,  11), (   1,  21), (  28,   7), (  19,  39), (  22,   1), (   4,  24), (  14,  34), (  26,   5), (  29,   8), (  24,   3), (  18,  38)]