[(   1,   2), (   2,   3), (   3,   4), (   4,   5), (   5,   6), (   6,   7), (   7,   8), (   8,   9), (   9,  10), (  10,  11), (  11,  12), (  12,  13), (  13,  14), (  14,  15), (  15,  16), (  16,  17), (  17,  18), (  18,  19), (  19,  20), (  20,  21), (  21,  22), (  22,  23), (  23,  24), (  24,  25), (  25,  26), (  26,  27), (  27,  28), (  28,  29), (  29,  30), (  30,  31), (  31,  32), (  32,  33), (  33,  34), (  34,  35), (  35,  36), (  36,  37), (  37,  38), (  38,  39), (  39,  40)]
[(  34,  36), (  21,  23), (  35,  37), (   6,   8), (  16,  18), (   9,  11), (   2,   4), (  25,  27), (  36,  38), (   1,   3), (  15,  17), (  17,  19), (  28,  30), (   8,  10), (  26,  28), (  32,  34), (  19,  21), (  10,  12), (  27,  29), (  40,   1), (  12,  14), (  29,  31), (  20,  22), (   7,   9), (  13,  15), (  31,  33), (  11,  13), (  22,  24), (  24,  26), (  38,  40), (   3,   5), (  14,  16), (  37,  39), (  30,  32), (  23,  25), (  33,  35), (   4,   6), (  18,  20), (   5,   7)]
[(  28,  31), (  11,  14), (  40,   2), (  31,  34), (  33,  36), (  37,  40), (  25,  28), (  15,  18), (  26,  29), (   9,  12), (  22,  25), (  20,  23), (  36,  39), (  24,  27), (  17,  20), (   4,   7), (   6,   9), (  35,  38), (   8,  11), (  19,  22), (  30,  33), (   3,   6), (  32,  35), (  34,  37), (  21,  24), (  14,  17), (   2,   5), (  18,  21), (  16,  19), (  29,  32), (  12,  15), (  23,  26), (  13,  16), (   1,   4), (   5,   8), (   7,  10), (  39,   1), (  27,  30), (  10,  13)]
[(  17,  21), (  29,  33), (  19,  23), (  11,  15), (  31,  35), (  13,  17), (  15,  19), (  38,   1), (  28,  32), (  36,  40), (  16,  20), (  27,  31), (  12,  16), (  32,  36), (  34,  38), (  14,  18), (  33,  37), (  30,  34), (   2,   6), (  39,   2), (  35,  39), (   7,  11), (   4,   8), (  23,  27), (   3,   7), (   5,   9), (  25,  29), (  10,  14), (  21,  25), (   1,   5), (   9,  13), (  40,   3), (  22,  26), (  24,  28), (   6,  10), (  26,  30), (  18,  22), (   8,  12), (  20,  24)]
[(  22,  27), (   4,   9), (  21,  26), (  24,  29), (   9,  14), (  34,  39), (  13,  18), (  31,  36), (   1,   6), (  20,  25), (  26,  31), (  40,   4), (  19,  24), (  28,  33), (   7,  12), (  38,   2), (  25,  30), (   3,   8), (  30,  35), (  18,  23), (   6,  11), (  33,  38), (  11,  16), (  39,   3), (  29,  34), (   8,  13), (  17,  22), (  37,   1), (  10,  15), (  16,  21), (  35,  40), (   5,  10), (  23,  28), (   2,   7), (  27,  32), (  12,  17), (  15,  20), (  32,  37), (  14,  19)]
[(  33,  39), (  18,  24), (   5,  11), (  10,  16), (  22,  28), (  27,  33), (   6,  12), (  16,  22), (  21,  27), (   7,  13), (  39,   4), (   1,   7), (   9,  15), (  40,   5), (   3,   9), (  15,  21), (  23,  29), (  11,  17), (  31,  37), (  38,   3), (   4,  10), (  24,  30), (  12,  18), (  20,  26), (  32,  38), (  36,   1), (  26,  32), (  34,  40), (  37,   2), (  28,  34), (  14,  20), (  19,  25), (  29,  35), (   8,  14), (  13,  19), (  25,  31), (  30,  36), (  17,  23), (   2,   8)]
[(   7,  14), (  12,  19), (  10,  17), (  25,  32), (   1,   8), (  18,  25), (  35,   1), (  28,  35), (  15,  22), (  31,  38), (   2,   9), (  37,   3), (  26,  33), (  13,  20), (  30,  37), (  23,  30), (  36,   2), (  20,  27), (   5,  12), (  17,  24), (  29,  36), (  14,  21), (  39,   5), (  11,  18), (   4,  11), (  21,  28), (   8,  15), (  38,   4), (  32,  39), (   3,  10), (  19,  26), (   6,  13), (  40,   6), (  16,  23), (  33,  40), (   9,  16), (  24,  31), (  22,  29), (  27,  34)]
[(  10,  18), (  31,  39), (  22,  30), (  30,  38), (  40,   7), (  38,   5), (  32,  40), (  29,  37), (   8,  16), (  21,  29), (  24,  32), (  35,   2), (  17,  25), (  18,  26), (  14,  22), (  28,  36), (  20,  28), (   6,  14), (   7,  15), (  37,   4), (  26,  34), (  27,  35), (  13,  21), (   5,  13), (  19,  27), (  15,  23), (  16,  24), (  39,   6), (   9,  17), (  12,  20), (  25,  33), (   4,  12), (   1,   9), (  36,   3), (  34,   1), (   3,  11), (  11,  19), (   2,  10), (  23,  31)]
[(   4,  13), (  40,   8), (   6,  15), (  18,  27), (  15,  24), (  12,  21), (  22,  31), (  39,   7), (  37,   5), (  23,  32), (  29,  38), (  30,  39), (  38,   6), (  25,  34), (  27,  36), (  11,  20), (   1,  10), (  24,  33), (  13,  22), (  16,  25), (  19,  28), (   8,  17), (  31,  40), (  21,  30), (   5,  14), (   7,  16), (  35,   3), (   2,  11), (   3,  12), (   9,  18), (  36,   4), (  34,   2), (  10,  19), (  20,  29), (  17,  26), (  14,  23), (  26,  35), (  33,   1), (  28,  37)]
[(   6,  16), (  20,  30), (  24,  34), (   3,  13), (  10,  20), (  19,  29), (  23,  33), (  14,  24), (  13,  23), (  39,   8), (  27,  37), (  16,  26), (  32,   1), (   2,  12), (   1,  11), (  37,   6), (  34,   3), (  22,  32), (  26,  36), (  36,   5), (   5,  15), (   9,  19), (  38,   7), (  35,   4), (  30,  40), (  29,  39), (  40,   9), (  15,  25), (   4,  14), (  33,   2), (  18,  28), (  17,  27), (   8,  18), (  12,  22), (  21,  31), (  28,  38), (   7,  17), (  11,  21), (  25,  35)]
[(   8,  19), (  17,  28), (   9,  20), (  26,  37), (  23,  34), (  31,   1), (  27,  38), (   6,  17), (  33,   3), (  16,  27), (  36,   6), (  11,  22), (  18,  29), (  37,   7), (  10,  21), (  29,  40), (   5,  16), (  39,   9), (  28,  39), (  15,  26), (   2,  13), (  32,   2), (  25,  36), (   1,  12), (  20,  31), (  34,   4), (  12,  23), (  19,  30), (  35,   5), (  14,  25), (  38,   8), (  24,  35), (   3,  14), (  40,  10), (   7,  18), (   4,  15), (  21,  32), (  13,  24), (  22,  33)]
[(  20,  32), (  26,  38), (  27,  39), (  21,  33), (  17,  29), (   4,  16), (  14,  26), (  34,   5), (  18,  30), (  22,  34), (   1,  13), (  24,  36), (  37,   8), (  19,  31), (  23,  35), (  13,  25), (  40,  11), (  31,   2), (  38,   9), (  35,   6), (  32,   3), (  39,  10), (  30,   1), (  16,  28), (   6,  18), (  10,  22), (  33,   4), (   5,  17), (  28,  40), (   7,  19), (  11,  23), (  36,   7), (  15,  27), (  25,  37), (  12,  24), (   8,  20), (   2,  14), (   3,  15), (   9,  21)]
[(  37,   9), (  34,   6), (  25,  38), (   9,  22), (  26,  39), (  10,  23), (  39,  11), (  40,  12), (   4,  17), (   6,  19), (   5,  18), (   8,  21), (  27,  40), (  17,  30), (  33,   5), (  31,   3), (  13,  26), (  16,  29), (  21,  34), (  14,  27), (   7,  20), (  12,  25), (  15,  28), (  38,  10), (  36,   8), (  11,  24), (   1,  14), (  20,  33), (  23,  36), (  22,  35), (  24,  37), (  29,   1), (  30,   2), (  18,  31), (   2,  15), (  19,  32), (   3,  16), (  35,   7), (  32,   4)]
[(  15,  29), (   1,  15), (  18,  32), (  39,  12), (  11,  25), (  22,  36), (  10,  24), (  19,  33), (  25,  39), (  14,  28), (  21,  35), (  32,   5), (   7,  21), (  38,  11), (  31,   4), (  35,   8), (  24,  38), (  28,   1), (   4,  18), (  34,   7), (  23,  37), (  40,  13), (   3,  17), (  33,   6), (  37,  10), (  30,   3), (  20,  34), (  36,   9), (   6,  20), (  13,  27), (   2,  16), (   8,  22), (  17,  31), (   5,  19), (  16,  30), (  29,   2), (   9,  23), (  26,  40), (  12,  26)]
[(  23,  38), (  22,  37), (   1,  16), (  28,   2), (  30,   4), (  20,  35), (  29,   3), (  11,  26), (  40,  14), (  18,  33), (  33,   7), (  14,  29), (  31,   5), (  35,   9), (  24,  39), (   9,  24), (   7,  22), (  21,  36), (  10,  25), (  13,  28), (  16,  31), (   5,  20), (  19,  34), (  17,  32), (   2,  17), (  32,   6), (  36,  10), (  12,  27), (  34,   8), (   8,  23), (  27,   1), (  15,  30), (  38,  12), (   6,  21), (  37,  11), (  39,  13), (  25,  40), (   4,  19), (   3,  18)]
[(  24,  40), (  32,   7), (  13,  29), (   7,  23), (  38,  13), (  14,  30), (   5,  21), (   4,  20), (  19,  35), (  30,   5), (   3,  19), (   9,  25), (  35,  10), (  29,   4), (   2,  18), (  10,  26), (  39,  14), (  40,  15), (  17,  33), (  33,   8), (   8,  24), (  26,   1), (  27,   2), (  15,  31), (  23,  39), (  37,  12), (  31,   6), (  16,  32), (  22,  38), (  36,  11), (   6,  22), (  21,  37), (  20,  36), (  11,  27), (  28,   3), (  18,  34), (  12,  28), (  34,   9), (   1,  17)]
[(  35,  11), (  10,  27), (  36,  12), (  19,  36), (  27,   3), (  15,  32), (  20,  37), (  13,  30), (   7,  24), (  26,   2), (  23,  40), (  34,  10), (   3,  20), (   6,  23), (   8,  25), (  22,  39), (  32,   8), (  37,  13), (  40,  16), (  12,  29), (  25,   1), (  28,   4), (  33,   9), (   2,  19), (  16,  33), (  18,  35), (  21,  38), (  31,   7), (   1,  18), (  39,  15), (  17,  34), (  11,  28), (   4,  21), (   9,  26), (  38,  14), (   5,  22), (  29,   5), (  14,  31), (  30,   6)]
[(  12,  30), (  36,  13), (  31,   8), (  40,  17), (  19,  37), (  26,   3), (  16,  34), (   3,  21), (   2,  20), (  17,  35), (  10,  28), (  15,  33), (  34,  11), (  39,  16), (  29,   6), (   1,  19), (  27,   4), (   5,  23), (  14,  32), (  32,   9), (   9,  27), (  18,  36), (  37,  14), (  22,  40), (  35,  12), (  25,   2), (  30,   7), (   8,  26), (  13,  31), (   6,  24), (  21,  39), (  20,  38), (   7,  25), (  38,  15), (   4,  22), (  24,   1), (  33,  10), (  28,   5), (  11,  29)]
[(  25,   3), (  16,  35), (  14,  33), (   1,  20), (   2,  21), (  24,   2), (  17,  36), (  32,  10), (  34,  12), (  37,  15), (  30,   8), (  28,   6), (   4,  23), (   3,  22), (  13,  32), (  27,   5), (  12,  31), (   7,  26), (  23,   1), (  11,  30), (  40,  18), (  15,  34), (  10,  29), (  36,  14), (   9,  28), (  19,  38), (  18,  37), (  35,  13), (  33,  11), (  26,   4), (  29,   7), (  31,   9), (   5,  24), (  39,  17), (  20,  39), (  21,  40), (   8,  27), (   6,  25), (  38,  16)]
[(  26,   5), (   5,  25), (  28,   7), (  35,  14), (  12,  32), (   8,  28), (  30,   9), (  23,   2), (  11,  31), (   4,  24), (  14,  34), (  18,  38), (   2,  22), (   1,  21), (  40,  19), (  33,  12), (  15,  35), (  25,   4), (  24,   3), (  31,  10), (  38,  17), (  37,  16), (   6,  26), (  29,   8), (  22,   1), (  20,  40), (  19,  39), (   3,  23), (   7,  27), (  17,  37), (  10,  30), (  39,  18), (  32,  11), (  13,  33), (   9,  29), (  27,   6), (  34,  13), (  16,  36), (  36,  15)]