[(   1,   2), (   2,   3), (   3,   4), (   4,   5), (   5,   6), (   6,   7), (   7,   8), (   8,   9), (   9,  10), (  10,  11), (  11,  12), (  12,  13), (  13,  14), (  14,  15), (  15,  16), (  16,  17), (  17,  18), (  18,  19), (  19,  20), (  20,  21), (  21,  22), (  22,  23), (  23,  24), (  24,  25), (  25,  26), (  26,  27), (  27,  28), (  28,  29), (  29,  30), (  30,  31), (  31,  32), (  32,  33), (  33,  34), (  34,  35), (  35,  36), (  36,  37), (  37,  38), (  38,  39), (  39,  40)]
[(  10,  12), (  16,  18), (  34,  36), (  23,  25), (  40,   1), (  12,  14), (  17,  19), (  22,  24), (  37,  39), (   4,   6), (  31,  33), (  32,  34), (  29,  31), (  20,  22), (  36,  38), (   7,   9), (  25,  27), (  38,  40), (  13,  15), (  28,  30), (   2,   4), (  11,  13), (   1,   3), (   8,  10), (   9,  11), (  30,  32), (  14,  16), (  21,  23), (  33,  35), (  35,  37), (   5,   7), (  19,  21), (  27,  29), (   6,   8), (   3,   5), (  26,  28), (  24,  26), (  15,  17), (  18,  20)]
[(  33,  36), (   7,  10), (   5,   8), (  24,  27), (  30,  33), (  10,  13), (  39,   1), (  12,  15), (  15,  18), (  14,  17), (  22,  25), (  21,  24), (  40,   2), (  31,  34), (   3,   6), (  25,  28), (  36,  39), (  29,  32), (  37,  40), (  23,  26), (  13,  16), (  16,  19), (  11,  14), (  26,  29), (  32,  35), (   9,  12), (   2,   5), (  17,  20), (  28,  31), (   8,  11), (  19,  22), (   6,   9), (  18,  21), (   4,   7), (  34,  37), (  27,  30), (  20,  23), (   1,   4), (  35,  38)]
[(   9,  13), (  30,  34), (  21,  25), (  29,  33), (  17,  21), (  33,  37), (   5,   9), (  34,  38), (  26,  30), (  25,  29), (  13,  17), (  38,   1), (  32,  36), (   3,   7), (  18,  22), (  14,  18), (  10,  14), (   6,  10), (   2,   6), (  39,   2), (  35,  39), (  31,  35), (  27,  31), (  23,  27), (  19,  23), (  15,  19), (  11,  15), (   7,  11), (   1,   5), (  40,   3), (  36,  40), (  22,  26), (  28,  32), (  24,  28), (  20,  24), (  16,  20), (  12,  16), (   8,  12), (   4,   8)]
[(  20,  25), (  33,  38), (  38,   2), (  26,  31), (  18,  23), (  22,  27), (   6,  11), (  11,  16), (  27,  32), (  37,   1), (  14,  19), (  40,   4), (  15,  20), (  25,  30), (  28,  33), (  39,   3), (  35,  40), (  23,  28), (  24,  29), (   7,  12), (  31,  36), (  29,  34), (  13,  18), (  16,  21), (  34,  39), (   2,   7), (   1,   6), (   4,   9), (   9,  14), (  10,  15), (   3,   8), (   5,  10), (  30,  35), (  21,  26), (   8,  13), (  12,  17), (  17,  22), (  19,  24), (  32,  37)]
[(  26,  32), (  11,  17), (  14,  20), (  37,   2), (  22,  28), (  25,  31), (  15,  21), (   7,  13), (  29,  35), (  24,  30), (   4,  10), (   9,  15), (  28,  34), (  10,  16), (  40,   5), (  27,  33), (  38,   3), (  21,  27), (   5,  11), (  18,  24), (   6,  12), (  33,  39), (   2,   8), (  32,  38), (   1,   7), (  31,  37), (  23,  29), (  16,  22), (  34,  40), (  20,  26), (  12,  18), (   8,  14), (  17,  23), (  36,   1), (  19,  25), (  39,   4), (   3,   9), (  30,  36), (  13,  19)]
[(  28,  35), (  19,  26), (  30,  37), (   8,  15), (  29,  36), (   9,  16), (  24,  31), (  37,   3), (  14,  21), (  15,  22), (  36,   2), (  39,   5), (   4,  11), (  35,   1), (   7,  14), (  31,  38), (   2,   9), (  13,  20), (  18,  25), (  40,   6), (   3,  10), (  10,  17), (  12,  19), (   6,  13), (  20,  27), (  21,  28), (  32,  39), (  26,  33), (  25,  32), (   5,  12), (  17,  24), (  38,   4), (   1,   8), (  23,  30), (  11,  18), (  22,  29), (  33,  40), (  16,  23), (  27,  34)]
[(   6,  14), (  28,  36), (  23,  31), (  10,  18), (  37,   4), (  34,   1), (  27,  35), (  32,  40), (  40,   7), (  20,  28), (  26,  34), (  17,  25), (  39,   6), (  24,  32), (  12,  20), (   5,  13), (  15,  23), (   4,  12), (  22,  30), (   3,  11), (  25,  33), (  30,  38), (  29,  37), (   1,   9), (  38,   5), (  36,   3), (  18,  26), (  31,  39), (   8,  16), (  16,  24), (  13,  21), (  35,   2), (   7,  15), (   9,  17), (  21,  29), (  11,  19), (  19,  27), (  14,  22), (   2,  10)]
[(  15,  24), (  14,  23), (   1,  10), (  11,  20), (  16,  25), (  17,  26), (  36,   4), (  19,  28), (   8,  17), (  31,  40), (  28,  37), (   2,  11), (  24,  33), (   9,  18), (  34,   2), (  21,  30), (  22,  31), (  25,  34), (  35,   3), (  29,  38), (  23,  32), (   3,  12), (   7,  16), (  37,   5), (  12,  21), (  20,  29), (  10,  19), (  40,   8), (   4,  13), (  18,  27), (  30,  39), (  27,  36), (  13,  22), (   5,  14), (  39,   7), (  38,   6), (   6,  15), (  26,  35), (  33,   1)]
[(  19,  29), (  40,   9), (  18,  28), (  30,  40), (   9,  19), (  28,  38), (  10,  20), (  29,  39), (   3,  13), (  38,   7), (  39,   8), (  20,  30), (   8,  18), (  33,   2), (  27,  37), (  37,   6), (   6,  16), (  16,  26), (  26,  36), (  36,   5), (   5,  15), (  15,  25), (  25,  35), (  35,   4), (   4,  14), (  14,  24), (  24,  34), (  34,   3), (  17,  27), (  13,  23), (  23,  33), (   7,  17), (   2,  12), (  12,  22), (  22,  32), (  32,   1), (   1,  11), (  11,  21), (  21,  31)]
[(   7,  18), (  24,  35), (   6,  17), (  39,   9), (   2,  13), (   4,  15), (  32,   2), (  10,  21), (  23,  34), (  35,   5), (  27,  38), (  18,  29), (  16,  27), (   8,  19), (  19,  30), (  34,   4), (  21,  32), (  33,   3), (  31,   1), (  14,  25), (  37,   7), (  26,  37), (  17,  28), (   3,  14), (  22,  33), (  38,   8), (   9,  20), (  36,   6), (  12,  23), (  28,  39), (  15,  26), (  20,  31), (   5,  16), (  29,  40), (   1,  12), (  13,  24), (  25,  36), (  40,  10), (  11,  22)]
[(  37,   8), (  27,  39), (  15,  27), (   1,  13), (  32,   3), (  20,  32), (  22,  34), (  23,  35), (  33,   4), (   9,  21), (  30,   1), (  14,  26), (   5,  17), (  40,  11), (  17,  29), (  11,  23), (   8,  20), (  36,   7), (   4,  16), (  19,  31), (  18,  30), (   6,  18), (  26,  38), (   7,  19), (  24,  36), (  34,   5), (  21,  33), (   2,  14), (  10,  22), (  38,   9), (  35,   6), (  28,  40), (  39,  10), (  13,  25), (  16,  28), (   3,  15), (  31,   2), (  25,  37), (  12,  24)]
[(  27,  40), (   8,  21), (   9,  22), (   6,  19), (   7,  20), (  11,  24), (  16,  29), (  20,  33), (  25,  38), (   3,  16), (   5,  18), (  22,  35), (  12,  25), (  23,  36), (  13,  26), (  40,  12), (  33,   5), (  30,   2), (  10,  23), (   4,  17), (  29,   1), (   1,  14), (  34,   6), (  17,  30), (   2,  15), (  39,  11), (  36,   8), (  19,  32), (  26,  39), (  21,  34), (  14,  27), (  24,  37), (  37,   9), (  31,   3), (  38,  10), (  35,   7), (  32,   4), (  18,  31), (  15,  28)]
[(  30,   3), (  15,  29), (  12,  26), (  21,  35), (  24,  38), (  35,   8), (  23,  37), (  31,   4), (   5,  19), (  18,  32), (   6,  20), (  19,  33), (  37,  10), (  13,  27), (  25,  39), (  22,  36), (  34,   7), (   8,  22), (  39,  12), (   1,  15), (  14,  28), (  36,   9), (  32,   5), (  20,  34), (  16,  30), (   4,  18), (  40,  13), (  10,  24), (  38,  11), (  33,   6), (  28,   1), (  11,  25), (  26,  40), (   2,  16), (  17,  31), (   9,  23), (   7,  21), (  29,   2), (   3,  17)]
[(  16,  31), (  32,   6), (  24,  39), (   7,  22), (  12,  27), (  29,   3), (  25,  40), (   2,  17), (   1,  16), (  19,  34), (   9,  24), (  36,  10), (  23,  38), (  38,  12), (   8,  23), (  20,  35), (  13,  28), (  35,   9), (  34,   8), (  22,  37), (  11,  26), (   5,  20), (  21,  36), (  28,   2), (   3,  18), (  10,  25), (  30,   4), (  27,   1), (   6,  21), (  17,  32), (  37,  11), (  15,  30), (   4,  19), (  18,  33), (  40,  14), (  31,   5), (  39,  13), (  33,   7), (  14,  29)]
[(   5,  21), (  37,  12), (  32,   7), (  28,   3), (  39,  14), (  30,   5), (  12,  28), (  14,  30), (  20,  36), (  23,  39), (  16,  32), (   7,  23), (  19,  35), (  21,  37), (  35,  10), (  10,  26), (  26,   1), (   1,  17), (  17,  33), (  33,   8), (   8,  24), (  24,  40), (  40,  15), (  15,  31), (  31,   6), (   6,  22), (  22,  38), (  38,  13), (   3,  19), (  29,   4), (   4,  20), (  13,  29), (  36,  11), (  11,  27), (  27,   2), (   2,  18), (  18,  34), (  34,   9), (   9,  25)]
[(  22,  39), (   5,  22), (  16,  33), (  38,  14), (  35,  11), (  19,  36), (  13,  30), (  25,   1), (  11,  28), (  26,   2), (  23,  40), (  27,   3), (   9,  26), (  28,   4), (   4,  21), (  15,  32), (  12,  29), (  39,  15), (  21,  38), (  10,  27), (  17,  34), (  32,   8), (  33,   9), (  36,  12), (  37,  13), (  40,  16), (  31,   7), (  18,  35), (   7,  24), (   2,  19), (  34,  10), (   1,  18), (  14,  31), (  20,  37), (   6,  23), (   8,  25), (  29,   5), (   3,  20), (  30,   6)]
[(  34,  11), (  13,  31), (  11,  29), (  16,  34), (   8,  26), (  21,  39), (  26,   3), (  18,  36), (   6,  24), (  36,  13), (   3,  21), (  31,   8), (  30,   7), (  29,   6), (  24,   1), (   1,  19), (  19,  37), (  37,  14), (  14,  32), (  32,   9), (   9,  27), (  27,   4), (   4,  22), (  22,  40), (  40,  17), (  17,  35), (  35,  12), (  12,  30), (   2,  20), (   7,  25), (  25,   2), (  39,  16), (  20,  38), (  38,  15), (  15,  33), (  33,  10), (  10,  28), (  28,   5), (   5,  23)]
[(   4,  23), (   1,  20), (  35,  13), (  17,  36), (  15,  34), (  40,  18), (  14,  33), (  27,   5), (  12,  31), (   8,  27), (  29,   7), (  28,   6), (   3,  22), (  39,  17), (  31,   9), (  24,   2), (  11,  30), (   5,  24), (   9,  28), (  16,  35), (  19,  38), (   2,  21), (  20,  39), (  33,  11), (  10,  29), (  23,   1), (  25,   3), (  37,  15), (  18,  37), (  36,  14), (  38,  16), (  34,  12), (   6,  25), (  32,  10), (  26,   4), (  21,  40), (  30,   8), (  13,  32), (   7,  26)]
[(  38,  17), (  25,   4), (  40,  19), (  12,  32), (  31,  10), (  23,   2), (  18,  38), (   6,  26), (   2,  22), (  33,  12), (  15,  35), (  37,  16), (   1,  21), (  26,   5), (  32,  11), (  29,   8), (   4,  24), (  11,  31), (   7,  27), (  34,  13), (  20,  40), (  28,   7), (  10,  30), (  39,  18), (   8,  28), (  13,  33), (  17,  37), (   5,  25), (  36,  15), (  22,   1), (   9,  29), (   3,  23), (  24,   3), (  19,  39), (  30,   9), (  14,  34), (  35,  14), (  27,   6), (  16,  36)]