[(   1,   2), (   2,   3), (   3,   4), (   4,   5), (   5,   6), (   6,   7), (   7,   8), (   8,   9), (   9,  10), (  10,  11), (  11,  12), (  12,  13), (  13,  14), (  14,  15), (  15,  16), (  16,  17), (  17,  18), (  18,  19), (  19,  20), (  20,  21), (  21,  22), (  22,  23), (  23,  24), (  24,  25), (  25,  26), (  26,  27), (  27,  28), (  28,  29), (  29,  30), (  30,  31), (  31,  32), (  32,  33), (  33,  34), (  34,  35), (  35,  36), (  36,  37), (  37,  38), (  38,  39), (  39,  40)]
[(   4,   6), (  15,  17), (   8,  10), (  16,  18), (  27,  29), (  26,  28), (  32,  34), (  22,  24), (  30,  32), (  29,  31), (  17,  19), (  14,  16), (  25,  27), (  40,   1), (  19,  21), (  34,  36), (  38,  40), (   6,   8), (  33,  35), (  24,  26), (  28,  30), (  10,  12), (   1,   3), (  37,  39), (  35,  37), (  36,  38), (  13,  15), (  21,  23), (   9,  11), (  23,  25), (  12,  14), (  11,  13), (  18,  20), (  31,  33), (   7,   9), (   5,   7), (  20,  22), (   2,   4), (   3,   5)]
[(   9,  12), (  31,  34), (  12,  15), (  32,  35), (  25,  28), (  15,  18), (  23,  26), (  13,  16), (  24,  27), (   6,   9), (  22,  25), (  20,  23), (  34,  37), (  30,  33), (  28,  31), (  27,  30), (  29,  32), (  21,  24), (   8,  11), (  10,  13), (   1,   4), (  39,   1), (  36,  39), (   3,   6), (   2,   5), (  18,  21), (   5,   8), (  17,  20), (  14,  17), (  33,  36), (   7,  10), (  37,  40), (  40,   2), (  16,  19), (  11,  14), (  35,  38), (  26,  29), (  19,  22), (   4,   7)]
[(  33,  37), (  32,  36), (  25,  29), (   6,  10), (  17,  21), (   4,   8), (   9,  13), (  40,   3), (  29,  33), (  38,   1), (  28,  32), (  30,  34), (  26,  30), (  22,  26), (  18,  22), (  14,  18), (  10,  14), (   1,   5), (   3,   7), (  39,   2), (  35,  39), (   5,   9), (  27,  31), (  23,  27), (  19,  23), (  15,  19), (  34,  38), (   7,  11), (  31,  35), (   2,   6), (  36,  40), (  21,  25), (  13,  17), (  24,  28), (  20,  24), (  16,  20), (  12,  16), (   8,  12), (  11,  15)]
[(  26,  31), (  21,  26), (  16,  21), (  19,  24), (  30,  35), (  14,  19), (  38,   2), (  34,  39), (  37,   1), (  25,  30), (   8,  13), (   1,   6), (  35,  40), (  18,  23), (   9,  14), (  33,  38), (  23,  28), (  29,  34), (  22,  27), (  17,  22), (   7,  12), (  15,  20), (  13,  18), (   5,  10), (  10,  15), (  28,  33), (  12,  17), (   4,   9), (  40,   4), (  11,  16), (   6,  11), (   2,   7), (  24,  29), (  20,  25), (  39,   3), (   3,   8), (  27,  32), (  31,  36), (  32,  37)]
[(  29,  35), (   6,  12), (  26,  32), (   8,  14), (  36,   1), (  24,  30), (  18,  24), (  37,   2), (   7,  13), (  27,  33), (  20,  26), (  21,  27), (  33,  39), (   5,  11), (  30,  36), (  40,   5), (   9,  15), (  25,  31), (  12,  18), (  34,  40), (  14,  20), (  19,  25), (  11,  17), (  32,  38), (  38,   3), (  23,  29), (  10,  16), (  16,  22), (  13,  19), (  22,  28), (  15,  21), (  28,  34), (  31,  37), (   3,   9), (   4,  10), (  17,  23), (  39,   4), (   1,   7), (   2,   8)]
[(  21,  28), (  20,  27), (  28,  35), (  15,  22), (  31,  38), (  39,   5), (  40,   6), (   5,  12), (  18,  25), (  14,  21), (  35,   1), (  33,  40), (  11,  18), (  29,  36), (  38,   4), (  22,  29), (  13,  20), (   4,  11), (   9,  16), (  37,   3), (  16,  23), (  36,   2), (   2,   9), (   7,  14), (  32,  39), (   1,   8), (  25,  32), (  26,  33), (   3,  10), (  19,  26), (  30,  37), (   8,  15), (  23,  30), (  10,  17), (  12,  19), (  27,  34), (   6,  13), (  17,  24), (  24,  31)]
[(  17,  25), (  30,  38), (   1,   9), (   9,  17), (   7,  15), (  21,  29), (  28,  36), (  23,  31), (  14,  22), (  40,   7), (   2,  10), (  18,  26), (  15,  23), (  37,   4), (  39,   6), (  20,  28), (   4,  12), (  36,   3), (  38,   5), (  19,  27), (   3,  11), (  27,  35), (  29,  37), (   8,  16), (  16,  24), (  12,  20), (   6,  14), (  31,  39), (  34,   1), (  24,  32), (  26,  34), (  10,  18), (  11,  19), (  32,  40), (   5,  13), (  13,  21), (  35,   2), (  25,  33), (  22,  30)]
[(  14,  23), (   1,  10), (  37,   5), (  20,  29), (  13,  22), (  35,   3), (  11,  20), (  27,  36), (   3,  12), (   4,  13), (  38,   6), (  10,  19), (  22,  31), (  16,  25), (   8,  17), (   2,  11), (  25,  34), (  26,  35), (  28,  37), (   6,  15), (  29,  38), (  31,  40), (   7,  16), (   9,  18), (  18,  27), (  34,   2), (  33,   1), (  40,   8), (  15,  24), (  12,  21), (  19,  28), (   5,  14), (  39,   7), (  36,   4), (  21,  30), (  30,  39), (  24,  33), (  23,  32), (  17,  26)]
[(  10,  20), (   8,  18), (  30,  40), (  33,   2), (   9,  19), (   2,  12), (  29,  39), (  15,  25), (  16,  26), (  18,  28), (  24,  34), (  38,   7), (   7,  17), (  17,  27), (  27,  37), (  37,   6), (   6,  16), (  40,   9), (  13,  23), (  36,   5), (   5,  15), (   3,  13), (  25,  35), (  35,   4), (   4,  14), (  14,  24), (  21,  31), (  34,   3), (  26,  36), (  39,   8), (  23,  33), (  20,  30), (  28,  38), (  12,  22), (  22,  32), (  32,   1), (   1,  11), (  11,  21), (  19,  29)]
[(  38,   8), (  24,  35), (  27,  38), (  31,   1), (  34,   4), (  20,  31), (  14,  25), (  10,  21), (  35,   5), (   8,  19), (  39,   9), (  25,  36), (   1,  12), (   2,  13), (  23,  34), (  13,  24), (  33,   3), (  22,  33), (  32,   2), (   7,  18), (  40,  10), (   6,  17), (  21,  32), (  19,  30), (   9,  20), (   5,  16), (  29,  40), (  36,   6), (  28,  39), (  37,   7), (  18,  29), (  12,  23), (   4,  15), (  26,  37), (  17,  28), (  11,  22), (   3,  14), (  15,  26), (  16,  27)]
[(  34,   5), (   4,  16), (  22,  34), (  27,  39), (  11,  23), (  13,  25), (  19,  31), (  20,  32), (  28,  40), (   5,  17), (  33,   4), (  31,   2), (  16,  28), (  32,   3), (  40,  11), (   3,  15), (  36,   7), (  15,  27), (  14,  26), (  30,   1), (  25,  37), (  18,  30), (   8,  20), (  17,  29), (  21,  33), (  39,  10), (  23,  35), (   2,  14), (  37,   8), (  38,   9), (   1,  13), (  24,  36), (  10,  22), (   6,  18), (  26,  38), (  12,  24), (   7,  19), (  35,   6), (   9,  21)]
[(  39,  11), (   9,  22), (  11,  24), (  25,  38), (  40,  12), (  27,  40), (   4,  17), (   6,  19), (   2,  15), (  26,  39), (  31,   3), (  32,   4), (  38,  10), (   7,  20), (  12,  25), (  35,   7), (  30,   2), (  10,  23), (  29,   1), (  16,  29), (  18,  31), (  21,  34), (  33,   5), (  13,  26), (  36,   8), (  37,   9), (  24,  37), (  19,  32), (  20,  33), (   5,  18), (   3,  16), (  22,  35), (   8,  21), (   1,  14), (  34,   6), (  15,  28), (  17,  30), (  14,  27), (  23,  36)]
[(  13,  27), (   5,  19), (   6,  20), (  30,   3), (   2,  16), (  37,  10), (   1,  15), (  28,   1), (  38,  11), (  22,  36), (  15,  29), (   8,  22), (  36,   9), (  39,  12), (  29,   2), (  25,  39), (  21,  35), (  14,  28), (  17,  31), (  11,  25), (  19,  33), (  24,  38), (  12,  26), (  20,  34), (  34,   7), (  40,  13), (   4,  18), (  10,  24), (  18,  32), (   3,  17), (  35,   8), (  31,   4), (  32,   5), (   7,  21), (  23,  37), (  26,  40), (   9,  23), (  16,  30), (  33,   6)]
[(  15,  30), (  25,  40), (   2,  17), (  11,  26), (  18,  33), (  17,  32), (  22,  37), (  14,  29), (   6,  21), (  20,  35), (  21,  36), (  35,   9), (   5,  20), (  34,   8), (  33,   7), (   8,  23), (  24,  39), (  38,  12), (  36,  10), (  23,  38), (  32,   6), (  37,  11), (  19,  34), (  28,   2), (  13,  28), (  30,   4), (   7,  22), (  27,   1), (  12,  27), (  40,  14), (   9,  24), (  29,   3), (   1,  16), (  39,  13), (  16,  31), (   4,  19), (  31,   5), (   3,  18), (  10,  25)]
[(  16,  32), (  23,  39), (   7,  23), (  21,  37), (  39,  14), (  22,  38), (  30,   5), (  17,  33), (  20,  36), (  37,  12), (  14,  30), (  28,   3), (   3,  19), (  19,  35), (  35,  10), (  10,  26), (  26,   1), (  32,   7), (  24,  40), (  33,   8), (   8,  24), (  29,   4), (  40,  15), (  15,  31), (  31,   6), (   6,  22), (  36,  11), (  38,  13), (   5,  21), (  13,  29), (   4,  20), (   1,  17), (   9,  25), (  11,  27), (  27,   2), (   2,  18), (  18,  34), (  34,   9), (  12,  28)]
[(   7,  24), (  11,  28), (  19,  36), (  23,  40), (  20,  37), (  33,   9), (  10,  27), (  35,  11), (  17,  34), (  15,  32), (  40,  16), (  39,  15), (  32,   8), (  21,  38), (   3,  20), (   4,  21), (   5,  22), (  13,  30), (  30,   6), (  28,   4), (  26,   2), (  16,  33), (  38,  14), (  36,  12), (  12,  29), (  31,   7), (   2,  19), (  18,  35), (   6,  23), (  34,  10), (  22,  39), (   9,  26), (  27,   3), (  29,   5), (  25,   1), (  14,  31), (   8,  25), (  37,  13), (   1,  18)]
[(  18,  36), (  37,  14), (  13,  31), (  36,  13), (   8,  26), (  34,  11), (   3,  21), (  30,   7), (  31,   8), (  16,  34), (   5,  23), (  11,  29), (  29,   6), (   6,  24), (  24,   1), (   1,  19), (  19,  37), (   2,  20), (  21,  39), (  32,   9), (   9,  27), (  14,  32), (   4,  22), (  22,  40), (  40,  17), (  17,  35), (  26,   3), (  12,  30), (   7,  25), (  27,   4), (  25,   2), (  39,  16), (  35,  12), (  38,  15), (  15,  33), (  33,  10), (  10,  28), (  28,   5), (  20,  38)]
[(   3,  22), (  29,   7), (  14,  33), (  34,  12), (  32,  10), (  23,   1), (  16,  35), (  26,   4), (   4,  23), (  24,   2), (  18,  37), (   5,  24), (   2,  21), (   9,  28), (  13,  32), (  31,   9), (   8,  27), (  39,  17), (  15,  34), (  12,  31), (  17,  36), (   7,  26), (  28,   6), (  33,  11), (  11,  30), (  25,   3), (  20,  39), (  37,  15), (  38,  16), (   1,  20), (  27,   5), (  19,  38), (  36,  14), (  30,   8), (  40,  18), (   6,  25), (  21,  40), (  10,  29), (  35,  13)]
[(  40,  19), (  13,  33), (  39,  18), (  28,   7), (  24,   3), (  16,  36), (  33,  12), (  18,  38), (  19,  39), (   3,  23), (   7,  27), (  17,  37), (   4,  24), (  31,  10), (  26,   5), (  12,  32), (  11,  31), (  37,  16), (  25,   4), (  35,  14), (  34,  13), (   8,  28), (  10,  30), (   1,  21), (  22,   1), (  32,  11), (  30,   9), (   5,  25), (   2,  22), (  15,  35), (  38,  17), (  27,   6), (   6,  26), (  23,   2), (  29,   8), (   9,  29), (  36,  15), (  20,  40), (  14,  34)]