[(   1,   2), (   2,   3), (   3,   4), (   4,   5), (   5,   6), (   6,   7), (   7,   8), (   8,   9), (   9,  10), (  10,  11), (  11,  12), (  12,  13), (  13,  14), (  14,  15), (  15,  16), (  16,  17), (  17,  18), (  18,  19), (  19,  20), (  20,  21), (  21,  22), (  22,  23), (  23,  24), (  24,  25), (  25,  26), (  26,  27), (  27,  28), (  28,  29), (  29,  30), (  30,  31), (  31,  32), (  32,  33), (  33,  34), (  34,  35), (  35,  36), (  36,  37), (  37,  38), (  38,  39), (  39,  40)]
[(  12,  14), (  37,  39), (  14,  16), (   1,   3), (  35,  37), (  34,  36), (  25,  27), (  21,  23), (  29,  31), (  38,  40), (  22,  24), (   4,   6), (  16,  18), (  30,  32), (   3,   5), (  28,  30), (  20,  22), (  13,  15), (  40,   1), (  10,  12), (  17,  19), (   8,  10), (  36,  38), (  26,  28), (  15,  17), (  32,  34), (  31,  33), (   9,  11), (  23,  25), (   7,   9), (   5,   7), (   6,   8), (  18,  20), (  19,  21), (  11,  13), (  33,  35), (   2,   4), (  24,  26), (  27,  29)]
[(   4,   7), (  22,  25), (  36,  39), (  35,  38), (  29,  32), (  15,  18), (   2,   5), (  32,  35), (  19,  22), (  24,  27), (  25,  28), (  18,  21), (   6,   9), (   8,  11), (  28,  31), (  20,  23), (   9,  12), (  31,  34), (  27,  30), (  33,  36), (  40,   2), (  17,  20), (  13,  16), (  10,  13), (   5,   8), (   7,  10), (  16,  19), (  21,  24), (  37,  40), (  23,  26), (  11,  14), (  12,  15), (  26,  29), (  30,  33), (  39,   1), (  14,  17), (   3,   6), (   1,   4), (  34,  37)]
[(  33,  37), (  29,  33), (  25,  29), (  21,  25), (  17,  21), (  13,  17), (  32,  36), (   7,  11), (   1,   5), (  19,  23), (  26,  30), (  30,  34), (   8,  12), (  22,  26), (  18,  22), (  14,  18), (  10,  14), (   6,  10), (   2,   6), (  40,   3), (  38,   1), (  31,  35), (  27,  31), (  23,  27), (  39,   2), (  15,  19), (  11,  15), (   3,   7), (  16,  20), (  35,  39), (  36,  40), (  34,  38), (   5,   9), (  24,  28), (  20,  24), (  28,  32), (  12,  16), (   9,  13), (   4,   8)]
[(   6,  11), (   5,  10), (   1,   6), (  13,  18), (  10,  15), (  33,  38), (  37,   1), (  15,  20), (  25,  30), (  39,   3), (  35,  40), (  26,  31), (  21,  26), (   2,   7), (   8,  13), (   7,  12), (  27,  32), (  24,  29), (  18,  23), (  23,  28), (  11,  16), (  16,  21), (  28,  33), (  12,  17), (  14,  19), (  38,   2), (  20,  25), (  32,  37), (   4,   9), (  19,  24), (   3,   8), (  17,  22), (  40,   4), (   9,  14), (  29,  34), (  34,  39), (  31,  36), (  22,  27), (  30,  35)]
[(  15,  21), (  11,  17), (  22,  28), (  26,  32), (  34,  40), (  39,   4), (  13,  19), (  24,  30), (  32,  38), (  29,  35), (   1,   7), (  27,  33), (  36,   1), (   4,  10), (  14,  20), (   9,  15), (  23,  29), (  33,  39), (   5,  11), (  37,   2), (  28,  34), (  38,   3), (   8,  14), (   2,   8), (   7,  13), (  40,   5), (   3,   9), (   6,  12), (  12,  18), (  10,  16), (  16,  22), (  30,  36), (  19,  25), (  31,  37), (  17,  23), (  18,  24), (  21,  27), (  25,  31), (  20,  26)]
[(  23,  30), (  24,  31), (   2,   9), (  27,  34), (  13,  20), (  35,   1), (  31,  38), (  18,  25), (  17,  24), (  36,   2), (  16,  23), (   1,   8), (  32,  39), (   5,  12), (  38,   4), (  33,  40), (  21,  28), (   4,  11), (  22,  29), (  25,  32), (  39,   5), (  26,  33), (   3,  10), (  37,   3), (  40,   6), (  30,  37), (  10,  17), (  19,  26), (   6,  13), (  15,  22), (  12,  19), (  14,  21), (   8,  15), (  29,  36), (   9,  16), (  20,  27), (   7,  14), (  28,  35), (  11,  18)]
[(  26,  34), (   8,  16), (  18,  26), (  29,  37), (  16,  24), (  20,  28), (   9,  17), (  38,   5), (  40,   7), (  14,  22), (  10,  18), (  17,  25), (  19,  27), (  36,   3), (  21,  29), (   3,  11), (  35,   2), (  22,  30), (  37,   4), (   5,  13), (   4,  12), (   1,   9), (  12,  20), (  11,  19), (  34,   1), (  28,  36), (  32,  40), (  23,  31), (  24,  32), (   6,  14), (  13,  21), (  27,  35), (  31,  39), (  39,   6), (  30,  38), (   2,  10), (  25,  33), (  15,  23), (   7,  15)]
[(  19,  28), (   9,  18), (  10,  19), (   7,  16), (  18,  27), (   2,  11), (  15,  24), (  31,  40), (   4,  13), (  28,  37), (   6,  15), (  14,  23), (  22,  31), (  20,  29), (  39,   7), (  29,  38), (  24,  33), (  35,   3), (  16,  25), (  17,  26), (  26,  35), (  37,   5), (  34,   2), (  38,   6), (  21,  30), (  11,  20), (  36,   4), (  27,  36), (  33,   1), (  25,  34), (  30,  39), (   1,  10), (  12,  21), (   8,  17), (   3,  12), (  40,   8), (  23,  32), (   5,  14), (  13,  22)]
[(  10,  20), (  20,  30), (  30,  40), (  40,   9), (   9,  19), (  19,  29), (  11,  21), (   2,  12), (   8,  18), (   5,  15), (  33,   2), (  38,   7), (  28,  38), (  17,  27), (  27,  37), (  37,   6), (   6,  16), (  16,  26), (  26,  36), (   4,  14), (  13,  23), (  15,  25), (  25,  35), (  35,   4), (  18,  28), (  14,  24), (  24,  34), (  39,   8), (  34,   3), (  36,   5), (  23,  33), (  29,  39), (  32,   1), (  12,  22), (  22,  32), (   3,  13), (   1,  11), (   7,  17), (  21,  31)]
[(  29,  40), (   4,  15), (  21,  32), (  11,  22), (  33,   3), (  16,  27), (  40,  10), (   3,  14), (  15,  26), (  20,  31), (  27,  38), (   5,  16), (  34,   4), (  28,  39), (  23,  34), (  25,  36), (  38,   8), (  12,  23), (  13,  24), (  39,   9), (  14,  25), (  36,   6), (  37,   7), (   7,  18), (  24,  35), (  18,  29), (  26,  37), (  22,  33), (  35,   5), (  32,   2), (  17,  28), (   9,  20), (   6,  17), (   2,  13), (  10,  21), (  31,   1), (  19,  30), (   8,  19), (   1,  12)]
[(  13,  25), (  23,  35), (   8,  20), (  12,  24), (  36,   7), (  10,  22), (  22,  34), (  27,  39), (  35,   6), (   9,  21), (   5,  17), (  39,  10), (  25,  37), (  38,   9), (  40,  11), (  31,   2), (  34,   5), (  28,  40), (   3,  15), (  19,  31), (  15,  27), (   2,  14), (  18,  30), (  30,   1), (  20,  32), (   1,  13), (   6,  18), (   4,  16), (  14,  26), (  33,   4), (  26,  38), (  11,  23), (  24,  36), (  32,   3), (  37,   8), (   7,  19), (  17,  29), (  21,  33), (  16,  28)]
[(  31,   3), (  27,  40), (  33,   5), (  15,  28), (  30,   2), (  24,  37), (  26,  39), (   6,  19), (  14,  27), (   4,  17), (  36,   8), (  37,   9), (  11,  24), (  21,  34), (  12,  25), (  32,   4), (  39,  11), (  25,  38), (  35,   7), (  22,  35), (  20,  33), (  19,  32), (  29,   1), (  16,  29), (  23,  36), (   3,  16), (   1,  14), (  17,  30), (   2,  15), (   8,  21), (  34,   6), (  18,  31), (  10,  23), (   7,  20), (   5,  18), (   9,  22), (  13,  26), (  40,  12), (  38,  10)]
[(  35,   8), (  12,  26), (  24,  38), (   6,  20), (  11,  25), (   9,  23), (  16,  30), (  28,   1), (  20,  34), (  18,  32), (  31,   4), (  22,  36), (   3,  17), (  23,  37), (  19,  33), (  21,  35), (  40,  13), (  36,   9), (  39,  12), (  38,  11), (  30,   3), (  34,   7), (   5,  19), (  32,   5), (  37,  10), (  25,  39), (   7,  21), (   1,  15), (  17,  31), (  13,  27), (  10,  24), (   2,  16), (  14,  28), (   4,  18), (  26,  40), (  15,  29), (   8,  22), (  29,   2), (  33,   6)]
[(   9,  24), (  19,  34), (  12,  27), (   2,  17), (  23,  38), (  31,   5), (  18,  33), (  22,  37), (  28,   2), (   1,  16), (  14,  29), (  20,  35), (  33,   7), (  16,  31), (  32,   6), (  24,  39), (  30,   4), (   5,  20), (  34,   8), (  15,  30), (  36,  10), (  13,  28), (   6,  21), (  21,  36), (  38,  12), (   8,  23), (  39,  13), (  40,  14), (   7,  22), (  29,   3), (  27,   1), (  25,  40), (  37,  11), (  10,  25), (   4,  19), (  11,  26), (  35,   9), (   3,  18), (  17,  32)]
[(  16,  32), (  32,   7), (   7,  23), (  23,  39), (  39,  14), (  14,  30), (  12,  28), (  13,  29), (  21,  37), (  33,   8), (  34,   9), (  28,   3), (  30,   5), (  19,  35), (  35,  10), (  10,  26), (  26,   1), (   1,  17), (  17,  33), (   8,  24), (  31,   6), (  24,  40), (  40,  15), (  15,  31), (  29,   4), (   6,  22), (  22,  38), (   2,  18), (  36,  11), (  37,  12), (   4,  20), (   3,  19), (  38,  13), (  11,  27), (  27,   2), (   5,  21), (  18,  34), (  20,  36), (   9,  25)]
[(  22,  39), (  38,  14), (  35,  11), (  19,  36), (  28,   4), (   8,  25), (   3,  20), (  17,  34), (  36,  12), (  13,  30), (  20,  37), (  15,  32), (  23,  40), (  25,   1), (  26,   2), (   5,  22), (  31,   7), (  32,   8), (  21,  38), (   1,  18), (   7,  24), (  12,  29), (   9,  26), (  33,   9), (  16,  33), (   4,  21), (  29,   5), (  34,  10), (  10,  27), (  11,  28), (  18,  35), (  37,  13), (  27,   3), (  40,  16), (  14,  31), (   6,  23), (  39,  15), (  30,   6), (   2,  19)]
[(  18,  36), (  36,  13), (  13,  31), (  31,   8), (   8,  26), (  26,   3), (  29,   6), (  33,  10), (  39,  16), (   7,  25), (   3,  21), (  11,  29), (   2,  20), (   6,  24), (  24,   1), (   1,  19), (  19,  37), (  37,  14), (  14,  32), (  16,  34), (  32,   9), (  27,   4), (   4,  22), (  22,  40), (   9,  27), (  17,  35), (  35,  12), (  20,  38), (  21,  39), (  40,  17), (  25,   2), (  28,   5), (  30,   7), (  38,  15), (  15,  33), (  12,  30), (  10,  28), (  34,  11), (   5,  23)]
[(  27,   5), (  28,   6), (  15,  34), (  14,  33), (  12,  31), (  21,  40), (   4,  23), (  26,   4), (  33,  11), (  34,  12), (  13,  32), (  24,   2), (  10,  29), (  40,  18), (  17,  36), (   8,  27), (  25,   3), (   2,  21), (   9,  28), (  29,   7), (  18,  37), (  11,  30), (  39,  17), (  20,  39), (   3,  22), (  31,   9), (  30,   8), (  35,  13), (  19,  38), (   1,  20), (  37,  15), (   7,  26), (  16,  35), (  23,   1), (   6,  25), (  38,  16), (   5,  24), (  32,  10), (  36,  14)]
[(  38,  17), (   1,  21), (  17,  37), (  10,  30), (  22,   1), (  12,  32), (  35,  14), (  16,  36), (   3,  23), (   6,  26), (  19,  39), (  40,  19), (  15,  35), (  13,  33), (  30,   9), (  34,  13), (  36,  15), (   7,  27), (  31,  10), (  27,   6), (  29,   8), (  39,  18), (  32,  11), (  14,  34), (  11,  31), (  33,  12), (  23,   2), (   5,  25), (   8,  28), (  18,  38), (   9,  29), (   4,  24), (   2,  22), (  26,   5), (  28,   7), (  25,   4), (  20,  40), (  37,  16), (  24,   3)]