[(   1,   2), (   2,   3), (   3,   4), (   4,   5), (   5,   6), (   6,   7), (   7,   8), (   8,   9), (   9,  10), (  10,  11), (  11,  12), (  12,  13), (  13,  14), (  14,  15), (  15,  16), (  16,  17), (  17,  18), (  18,  19), (  19,  20), (  20,  21), (  21,  22), (  22,  23), (  23,  24), (  24,  25), (  25,  26), (  26,  27), (  27,  28), (  28,  29), (  29,  30), (  30,  31), (  31,  32), (  32,  33), (  33,  34), (  34,  35), (  35,  36), (  36,  37), (  37,  38), (  38,  39), (  39,  40), (  40,  41), (  41,  42), (  42,  43), (  43,  44), (  44,  45), (  45,  46)]
[(  16,  18), (  38,  40), (  46,   1), (   8,  10), (  10,  12), (  41,  43), (  31,  33), (  44,  46), (  18,  20), (  25,  27), (  22,  24), (  24,  26), (  26,  28), (  28,  30), (  30,  32), (   1,   3), (  13,  15), (  36,  38), (  43,  45), (  40,  42), (  42,  44), (  34,  36), (  29,  31), (  14,  16), (   3,   5), (   5,   7), (   6,   8), (   9,  11), (  33,  35), (  12,  14), (  15,  17), (  17,  19), (  19,  21), (  21,  23), (  23,  25), (  39,  41), (  27,  29), (  11,  13), (  20,  22), (   2,   4), (  35,  37), (  37,  39), (   4,   6), (  32,  34), (   7,   9)]
[(  22,  25), (  23,  26), (   6,   9), (  12,  15), (  15,  18), (  24,  27), (  18,  21), (  20,  23), (  27,  30), (   1,   4), (  33,  36), (  36,  39), (  39,  42), (  42,  45), (  45,   1), (   4,   7), (  26,  29), (   7,  10), (  30,  33), (  13,  16), (  16,  19), (  40,  43), (  10,  13), (  43,  46), (  28,  31), (  31,  34), (  35,  38), (  37,  40), (  34,  37), (   3,   6), (  46,   2), (   2,   5), (   5,   8), (   8,  11), (  11,  14), (  25,  28), (  17,  20), (  41,  44), (  38,  41), (   9,  12), (  29,  32), (  32,  35), (  21,  24), (  19,  22), (  14,  17)]
[(  41,  45), (  39,  43), (  11,  15), (  16,  20), (  20,  24), (  17,  21), (  40,  44), (  21,  25), (  36,  40), (  31,  35), (  44,   1), (   1,   5), (   5,   9), (   9,  13), (  13,  17), (  28,  32), (  24,  28), (  25,  29), (  14,  18), (  33,  37), (  37,  41), (  26,  30), (  22,  26), (  15,  19), (   6,  10), (  10,  14), (  45,   2), (  18,  22), (   4,   8), (  35,  39), (  30,  34), (  34,  38), (  38,  42), (  42,  46), (  46,   3), (   8,  12), (   7,  11), (  19,  23), (   3,   7), (  32,  36), (  23,  27), (  27,  31), (  29,  33), (   2,   6), (  12,  16)]
[(   7,  12), (  37,  42), (  33,  38), (  22,  27), (  17,  22), (  32,  37), (  27,  32), (  35,  40), (  44,   2), (  40,  45), (  34,  39), (  29,  34), (  24,  29), (  19,  24), (  14,  19), (   5,  10), (   3,   8), (  46,   4), (   2,   7), (  36,  41), (  31,  36), (  39,  44), (  12,  17), (   1,   6), (  11,  16), (   6,  11), (   4,   9), (  43,   1), (   9,  14), (  15,  20), (  28,  33), (  23,  28), (  18,  23), (  13,  18), (   8,  13), (  38,  43), (  45,   3), (  10,  15), (  21,  26), (  16,  21), (  25,  30), (  20,  25), (  30,  35), (  41,  46), (  26,  31)]
[(  40,  46), (  13,  19), (  20,  26), (  24,  30), (  30,  36), (  38,  44), (  29,  35), (  33,  39), (   7,  13), (   3,   9), (  19,  25), (  25,  31), (  31,  37), (  37,  43), (  43,   2), (  39,  45), (   6,  12), (  14,  20), (  28,  34), (  26,  32), (  32,  38), (   5,  11), (  35,  41), (  36,  42), (   9,  15), (  15,  21), (  12,  18), (  27,  33), (  18,  24), (   1,   7), (  45,   4), (   4,  10), (  10,  16), (  16,  22), (  22,  28), (  42,   1), (  34,  40), (  21,  27), (   2,   8), (  44,   3), (  11,  17), (  17,  23), (  46,   5), (   8,  14), (  23,  29)]
[(  17,  24), (  25,  32), (  18,  25), (  28,  35), (  35,  42), (   1,   8), (  15,  22), (  19,  26), (  16,  23), (   7,  14), (  30,  37), (  37,  44), (  44,   4), (   4,  11), (  11,  18), (  20,  27), (  39,  46), (  32,  39), (  22,  29), (  46,   6), (   6,  13), (  14,  21), (  27,  34), (  31,  38), (  34,  41), (  41,   1), (  26,  33), (   8,  15), (  38,  45), (  33,  40), (  29,  36), (  36,  43), (  43,   3), (   3,  10), (  10,  17), (   9,  16), (  24,  31), (   2,   9), (  45,   5), (  23,  30), (   5,  12), (  12,  19), (  13,  20), (  21,  28), (  42,   2)]
[(  42,   3), (  28,  36), (  44,   5), (  32,  40), (  40,   1), (   4,  12), (   6,  14), (   5,  13), (  25,  33), (  16,  24), (  41,   2), (   2,  10), (  10,  18), (  18,  26), (  26,  34), (  30,  38), (  23,  31), (   3,  11), (  24,  32), (  19,  27), (  27,  35), (   1,   9), (  38,  46), (  33,  41), (  12,  20), (  20,  28), (  22,  30), (  36,  44), (  17,  25), (  34,  42), (  13,  21), (  21,  29), (  29,  37), (  37,  45), (  45,   6), (  11,  19), (  14,  22), (   8,  16), (  15,  23), (  35,  43), (  46,   7), (   7,  15), (  31,  39), (   9,  17), (  43,   4)]
[(  30,  39), (  20,  29), (  22,  31), (  36,  45), (  45,   7), (  13,  22), (  25,  34), (  29,  38), (  34,  43), (  12,  21), (   5,  14), (  14,  23), (  23,  32), (  32,  41), (  41,   3), (  31,  40), (  27,  36), (  21,  30), (   3,  12), (  39,   1), (   1,  10), (   8,  17), (  43,   5), (   9,  18), (  37,  46), (  46,   8), (  16,  25), (  17,  26), (  11,  20), (  19,  28), (  44,   6), (   6,  15), (  15,  24), (  24,  33), (  33,  42), (  35,  44), (   4,  13), (  42,   4), (  10,  19), (  18,  27), (  40,   2), (   2,  11), (   7,  16), (  26,  35), (  28,  37)]
[(  23,  33), (   4,  14), (  24,  34), (  44,   7), (  34,  44), (  35,  45), (  42,   5), (  31,  41), (  41,   4), (  29,  39), (  21,  31), (  11,  21), (   1,  11), (  38,   1), (  28,  38), (   2,  12), (  30,  40), (  45,   8), (   5,  15), (  25,  35), (  15,  25), (   6,  16), (  20,  30), (   7,  17), (  22,  32), (  12,  22), (  19,  29), (  39,   2), (  32,  42), (  17,  27), (   9,  19), (  46,   9), (  36,  46), (  26,  36), (  16,  26), (  13,  23), (  43,   6), (  18,  28), (  33,  43), (  14,  24), (   3,  13), (  40,   3), (  27,  37), (  10,  20), (   8,  18)]
[(  21,  32), (   7,  18), (  16,  27), (  39,   3), (  28,  39), (  19,  30), (  37,   1), (   3,  14), (  31,  42), (  17,  28), (   9,  20), (  45,   9), (  34,  45), (  23,  34), (  12,  23), (  42,   6), (  41,   5), (  26,  37), (   6,  17), (   4,  15), (  40,   4), (  18,  29), (  33,  44), (  29,  40), (  43,   7), (  32,  43), (  20,  31), (  10,  21), (  15,  26), (  46,  10), (  24,  35), (  13,  24), (   2,  13), (  38,   2), (  27,  38), (  22,  33), (   5,  16), (  14,  25), (  35,  46), (  11,  22), (   8,  19), (  44,   8), (   1,  12), (  25,  36), (  30,  41)]
[(  19,  31), (   9,  21), (  23,  35), (   1,  13), (  13,  25), (  16,  28), (   4,  16), (  10,  22), (  14,  26), (  37,   2), (  38,   3), (   3,  15), (  15,  27), (  27,  39), (  39,   4), (  25,  37), (   2,  14), (  28,  40), (  46,  11), (   5,  17), (  17,  29), (  12,  24), (  42,   7), (  11,  23), (  18,  30), (  30,  42), (  40,   5), (   7,  19), (  41,   6), (  29,  41), (  43,   8), (   8,  20), (  20,  32), (  32,  44), (  44,   9), (  45,  10), (  21,  33), (  36,   1), (   6,  18), (  33,  45), (  22,  34), (  34,  46), (  26,  38), (  31,  43), (  24,  36)]
[(  14,  27), (  33,  46), (  30,  43), (  29,  42), (  16,  29), (  36,   2), (  13,  26), (   4,  17), (  11,  24), (  42,   8), (  32,  45), (  19,  32), (   6,  19), (  40,   6), (  27,  40), (   8,  21), (  44,  10), (  35,   1), (  31,  44), (   9,  22), (  43,   9), (  37,   3), (   1,  14), (  22,  35), (  38,   4), (  25,  38), (  24,  37), (  46,  12), (   3,  16), (  45,  11), (   7,  20), (  41,   7), (  28,  41), (  15,  28), (   2,  15), (  17,  30), (  23,  36), (  20,  33), (  12,  25), (  26,  39), (  18,  31), (   5,  18), (  10,  23), (  39,   5), (  21,  34)]
[(  38,   5), (  44,  11), (   7,  21), (   9,  23), (  23,  37), (  42,   9), (  43,  10), (  28,  42), (  32,  46), (  18,  32), (  13,  27), (  27,  41), (  41,   8), (   8,  22), (  22,  36), (  15,  29), (  19,  33), (  17,  31), (  37,   4), (  45,  12), (  12,  26), (  31,  45), (   4,  18), (  30,  44), (  21,  35), (  35,   2), (  36,   3), (  16,  30), (  46,  13), (   2,  16), (  11,  25), (  25,  39), (  39,   6), (   6,  20), (  20,  34), (  26,  40), (   1,  15), (  29,  43), (  14,  28), (  34,   1), (  10,  24), (  24,  38), (   3,  17), (  40,   7), (   5,  19)]
[(  36,   4), (  16,  31), (  17,  32), (  19,  34), (   4,  19), (  11,  26), (   2,  17), (  30,  45), (  38,   6), (  15,  30), (   8,  23), (  40,   8), (  25,  40), (  10,  25), (  42,  10), (   9,  24), (   1,  16), (  44,  12), (  26,  41), (  14,  29), (  46,  14), (  27,  42), (   6,  21), (  45,  13), (  33,   1), (  18,  33), (  43,  11), (  35,   3), (  12,  27), (  21,  36), (  37,   5), (  22,  37), (   7,  22), (  39,   7), (  24,  39), (   3,  18), (  41,   9), (  31,  46), (  29,  44), (   5,  20), (  28,  43), (  13,  28), (  34,   2), (  23,  38), (  20,  35)]
[(  10,  26), (   1,  17), (  29,  45), (  17,  33), (  33,   2), (  18,  34), (  30,  46), (   2,  18), (   3,  19), (  22,  38), (  35,   4), (   4,  20), (  20,  36), (  36,   5), (   5,  21), (  19,  35), (  21,  37), (   6,  22), (  39,   8), (  38,   7), (   7,  23), (  46,  15), (  16,  32), (  12,  28), (  24,  40), (  40,   9), (  41,  10), (  25,  41), (  23,  39), (   8,  24), (  26,  42), (  42,  11), (  11,  27), (  27,  43), (  43,  12), (  15,  31), (  28,  44), (  34,   3), (  32,   1), (  37,   6), (  45,  14), (  14,  30), (   9,  25), (  13,  29), (  44,  13)]
[(  43,  13), (  35,   5), (  42,  12), (  21,  38), (  38,   8), (  29,  46), (  41,  11), (  37,   7), (  12,  29), (  36,   6), (  46,  16), (  16,  33), (  33,   3), (   3,  20), (  20,  37), (  26,  43), (  25,  42), (  24,  41), (  23,  40), (  11,  28), (  28,  45), (  32,   2), (  45,  15), (  34,   4), (   2,  19), (  19,  36), (  17,  34), (   6,  23), (  40,  10), (   5,  22), (  10,  27), (  27,  44), (  44,  14), (  14,  31), (  31,   1), (   4,  21), (  18,  35), (   7,  24), (  13,  30), (   8,  25), (  39,   9), (   9,  26), (  15,  32), (   1,  18), (  22,  39)]
[(  11,  29), (   6,  24), (  39,  10), (  25,  43), (  43,  14), (   5,  23), (  20,  38), (  16,  34), (  21,  39), (  23,  41), (  10,  28), (  28,  46), (  46,  17), (  17,  35), (  35,   6), (  18,  36), (  38,   9), (  42,  13), (   9,  27), (  31,   2), (   2,  20), (   7,  25), (  37,   8), (   3,  21), (  27,  45), (  45,  16), (  44,  15), (  34,   5), (  36,   7), (  26,  44), (  41,  12), (  12,  30), (  30,   1), (   1,  19), (  19,  37), (  14,  32), (   8,  26), (  22,  40), (  24,  42), (  13,  31), (  33,   4), (   4,  22), (  40,  11), (  15,  33), (  32,   3)]
[(  37,   9), (   8,  27), (  36,   8), (  46,  18), (  27,  46), (  14,  33), (   9,  28), (  43,  15), (  45,  17), (  33,   5), (   7,  26), (  35,   7), (  16,  35), (  44,  16), (  25,  44), (  41,  13), (  32,   4), (  15,  34), (  38,  10), (  24,  43), (   5,  24), (  19,  38), (  39,  11), (  20,  39), (  23,  42), (   4,  23), (  42,  14), (  13,  32), (   2,  21), (  18,  37), (   3,  22), (  31,   3), (  12,  31), (  40,  12), (  21,  40), (  34,   6), (  30,   2), (  26,  45), (  17,  36), (  10,  29), (   1,  20), (  29,   1), (  22,  41), (  11,  30), (   6,  25)]
[(  15,  35), (  10,  30), (  40,  13), (  41,  14), (  21,  41), (  20,  40), (  19,  39), (  12,  32), (  35,   8), (  26,  46), (  42,  15), (  22,  42), (   2,  22), (  29,   2), (   9,  29), (  14,  34), (  34,   7), (  43,  16), (  16,  36), (   3,  23), (  30,   3), (  13,  33), (  36,   9), (  37,  10), (  44,  17), (  24,  44), (   1,  21), (  31,   4), (  28,   1), (  23,  43), (  18,  38), (  45,  18), (  25,  45), (   5,  25), (  32,   5), (   7,  27), (  39,  12), (  17,  37), (  11,  31), (  46,  19), (   6,  26), (  33,   6), (   8,  28), (   4,  24), (  38,  11)]
[(  34,   8), (  41,  15), (  28,   2), (  37,  11), (  11,  32), (  10,  31), (   3,  24), (   6,  27), (   1,  22), (  13,  34), (  43,  17), (  17,  38), (  38,  12), (  12,  33), (  33,   7), (  23,  44), (  22,  43), (   2,  23), (  21,  42), (  44,  18), (  18,  39), (  20,  41), (  19,  40), (   5,  26), (   8,  29), (  29,   3), (  39,  13), (  24,  45), (  31,   5), (   4,  25), (  40,  14), (  14,  35), (  35,   9), (   9,  30), (  30,   4), (  46,  20), (  25,  46), (  32,   6), (  16,  37), (   7,  28), (  15,  36), (  36,  10), (  45,  19), (  42,  16), (  27,   1)]
[(   6,  28), (  12,  34), (  19,  41), (  31,   6), (   9,  31), (   3,  25), (  23,  45), (  36,  11), (  15,  37), (  44,  19), (  18,  40), (  43,  18), (  21,  43), (  46,  21), (  24,  46), (  11,  33), (  45,  20), (   5,  27), (  13,  35), (   8,  30), (  33,   8), (  35,  10), (  28,   3), (  27,   2), (  39,  14), (  17,  39), (  32,   7), (  20,  42), (  22,  44), (  38,  13), (   1,  23), (  26,   1), (   4,  26), (  29,   4), (   7,  29), (   2,  24), (  10,  32), (  30,   5), (  34,   9), (  42,  17), (  16,  38), (  41,  16), (  14,  36), (  37,  12), (  40,  15)]
[(  44,  20), (  22,  45), (  14,  37), (  26,   2), (   3,  26), (  39,  15), (  36,  12), (   1,  24), (   5,  28), (  20,  43), (   6,  29), (  30,   6), (   7,  30), (  31,   7), (   8,  31), (  46,  22), (  35,  11), (  33,   9), (  25,   1), (  34,  10), (  11,  34), (  28,   4), (   2,  25), (  32,   8), (  13,  36), (  37,  13), (  23,  46), (  38,  14), (  43,  19), (   9,  32), (  16,  39), (  40,  16), (  17,  40), (  41,  17), (  18,  41), (  29,   5), (  19,  42), (  12,  35), (   4,  27), (  15,  38), (  21,  44), (  45,  21), (  42,  18), (  27,   3), (  10,  33)]