[(   1,   2), (   2,   3), (   3,   4), (   4,   5), (   5,   6), (   6,   7), (   7,   8), (   8,   9), (   9,  10), (  10,  11), (  11,  12), (  12,  13), (  13,  14), (  14,  15), (  15,  16), (  16,  17), (  17,  18), (  18,  19), (  19,  20), (  20,  21), (  21,  22), (  22,  23), (  23,  24), (  24,  25), (  25,  26), (  26,  27), (  27,  28), (  28,  29), (  29,  30), (  30,  31), (  31,  32), (  32,  33), (  33,  34), (  34,  35), (  35,  36)]
[(  21,  23), (  25,  27), (  29,  31), (  31,  33), (  12,  14), (   2,   4), (  30,  32), (  26,  28), (  17,  19), (  13,  15), (  15,  17), (  27,  29), (   9,  11), (   8,  10), (   6,   8), (  28,  30), (  36,   1), (  34,  36), (  14,  16), (   7,   9), (  24,  26), (  10,  12), (  18,  20), (   3,   5), (  19,  21), (  22,  24), (   1,   3), (  33,  35), (   5,   7), (  32,  34), (  20,  22), (   4,   6), (  11,  13), (  23,  25), (  16,  18)]
[(  31,  34), (  14,  17), (   6,   9), (  22,  25), (  36,   2), (  16,  19), (  13,  16), (  35,   1), (  28,  31), (   4,   7), (   1,   4), (  33,  36), (  32,  35), (  21,  24), (   2,   5), (  29,  32), (  20,  23), (  17,  20), (   7,  10), (  19,  22), (   8,  11), (  27,  30), (  10,  13), (  11,  14), (   9,  12), (  30,  33), (  15,  18), (  24,  27), (  23,  26), (  25,  28), (   5,   8), (  12,  15), (  18,  21), (  26,  29), (   3,   6)]
[(  29,  33), (  31,  35), (  12,  16), (  17,  21), (  11,  15), (   9,  13), (   5,   9), (  10,  14), (  25,  29), (  30,  34), (  26,  30), (  15,  19), (  18,  22), (  28,  32), (  21,  25), (  14,  18), (   2,   6), (  35,   2), (  34,   1), (  13,  17), (  23,  27), (  36,   3), (   8,  12), (  27,  31), (   1,   5), (   3,   7), (  20,  24), (  32,  36), (   6,  10), (   7,  11), (  19,  23), (  16,  20), (  22,  26), (  24,  28), (   4,   8)]
[(  35,   3), (   8,  13), (  20,  25), (  10,  15), (  33,   1), (  27,  32), (  31,  36), (  15,  20), (  34,   2), (  18,  23), (  13,  18), (  30,  35), (  28,  33), (  36,   4), (  23,  28), (   1,   6), (  16,  21), (  21,  26), (  25,  30), (   6,  11), (   9,  14), (  19,  24), (  26,  31), (   2,   7), (  17,  22), (  14,  19), (   7,  12), (   5,  10), (  12,  17), (   4,   9), (  11,  16), (  22,  27), (  24,  29), (   3,   8), (  29,  34)]
[(   5,  11), (  26,  32), (  36,   5), (  12,  18), (  22,  28), (  25,  31), (  15,  21), (  24,  30), (  30,  36), (  29,  35), (  23,  29), (  11,  17), (   4,  10), (  16,  22), (  14,  20), (   7,  13), (  34,   3), (   3,   9), (  17,  23), (  32,   1), (  33,   2), (  28,  34), (  27,  33), (  10,  16), (  35,   4), (   2,   8), (   8,  14), (   6,  12), (  21,  27), (  18,  24), (   1,   7), (  19,  25), (   9,  15), (  13,  19), (  20,  26)]
[(   7,  14), (  22,  29), (  19,  26), (  28,  35), (  20,  27), (   5,  12), (  12,  19), (  25,  32), (  14,  21), (  33,   3), (   3,  10), (  21,  28), (  17,  24), (  18,  25), (  27,  34), (  24,  31), (   8,  15), (  15,  22), (  26,  33), (  35,   5), (  36,   6), (   4,  11), (   9,  16), (  29,  36), (  16,  23), (  34,   4), (  32,   2), (  11,  18), (   1,   8), (  13,  20), (   6,  13), (   2,   9), (  31,   1), (  10,  17), (  23,  30)]
[(  19,  27), (  10,  18), (  22,  30), (  16,  24), (  17,  25), (  21,  29), (  20,  28), (   5,  13), (   3,  11), (  14,  22), (   6,  14), (  31,   2), (  30,   1), (   9,  17), (  24,  32), (  34,   5), (  33,   4), (   4,  12), (  35,   6), (  18,  26), (   7,  15), (  25,  33), (  11,  19), (   1,   9), (  36,   7), (  15,  23), (  23,  31), (   8,  16), (  28,  36), (  27,  35), (  26,  34), (  13,  21), (  32,   3), (  12,  20), (   2,  10)]
[(   9,  18), (   7,  16), (  24,  33), (  36,   8), (  32,   4), (  17,  26), (  26,  35), (   3,  12), (  23,  32), (  16,  25), (  25,  34), (   1,  10), (   6,  15), (  33,   5), (  35,   7), (   2,  11), (   5,  14), (  14,  23), (  18,  27), (  31,   3), (   4,  13), (  20,  29), (  34,   6), (   8,  17), (  11,  20), (  12,  21), (  13,  22), (  30,   2), (  15,  24), (  10,  19), (  21,  30), (  29,   1), (  27,  36), (  22,  31), (  19,  28)]
[(  10,  20), (  20,  30), (   8,  18), (   3,  13), (  13,  23), (  23,  33), (  33,   6), (  34,   7), (  16,  26), (  26,  36), (  36,   9), (   4,  14), (  19,  29), (  29,   2), (   9,  19), (  12,  22), (  22,  32), (  32,   5), (   5,  15), (  15,  25), (  25,  35), (  35,   8), (  28,   1), (  18,  28), (  30,   3), (   1,  11), (  11,  21), (  21,  31), (  31,   4), (   2,  12), (  14,  24), (  24,  34), (   7,  17), (   6,  16), (  17,  27)]
[(  15,  26), (   4,  15), (  10,  21), (  19,  30), (   8,  19), (  34,   8), (  23,  34), (  22,  33), (   1,  12), (  27,   1), (  16,  27), (   9,  20), (  31,   5), (  20,  31), (  29,   3), (  35,   9), (  24,  35), (  13,  24), (   2,  13), (  28,   2), (  17,  28), (   6,  17), (  30,   4), (  21,  32), (  32,   6), (  36,  10), (  25,  36), (  14,  25), (   3,  14), (   5,  16), (  18,  29), (   7,  18), (  12,  23), (  33,   7), (  11,  22)]
[(  12,  24), (  34,   9), (  27,   2), (  11,  23), (  18,  30), (  35,  10), (  10,  22), (  17,  29), (   6,  18), (   9,  21), (  21,  33), (  22,  34), (   8,  20), (   7,  19), (   1,  13), (  15,  27), (  19,  31), (  31,   6), (  24,  36), (  29,   4), (  30,   5), (   2,  14), (  32,   7), (  23,  35), (  33,   8), (  16,  28), (   5,  17), (   3,  15), (  20,  32), (  26,   1), (  28,   3), (  14,  26), (   4,  16), (  36,  11), (  13,  25)]
[(  17,  30), (   6,  19), (   1,  14), (  26,   2), (  34,  10), (  11,  24), (  14,  27), (  18,  31), (   7,  20), (  32,   8), (  19,  32), (   3,  16), (  21,  34), (  27,   3), (   4,  17), (  10,  23), (  12,  25), (  25,   1), (  28,   4), (  23,  36), (  16,  29), (   5,  18), (  22,  35), (  20,  33), (  15,  28), (  29,   5), (  33,   9), (  13,  26), (   9,  22), (   8,  21), (  36,  12), (  35,  11), (  30,   6), (   2,  15), (  31,   7)]
[(  36,  13), (  24,   1), (  34,  11), (  32,   9), (  21,  35), (  14,  28), (  25,   2), (   2,  16), (  27,   4), (  17,  31), (  31,   8), (  18,  32), (  26,   3), (  35,  12), (  22,  36), (  19,  33), (  30,   7), (  16,  30), (   8,  22), (  10,  24), (  20,  34), (   7,  21), (   3,  17), (  12,  26), (  13,  27), (   6,  20), (  29,   6), (   9,  23), (  11,  25), (  15,  29), (  33,  10), (  28,   5), (   5,  19), (   4,  18), (   1,  15)]
[(  28,   6), (  21,  36), (  13,  28), (  29,   7), (  16,  31), (  15,  30), (   3,  18), (   6,  21), (  35,  13), (   5,  20), (  20,  35), (   8,  23), (  12,  27), (  23,   1), (  18,  33), (  25,   3), (  11,  26), (  33,  11), (  31,   9), (  34,  12), (  32,  10), (   1,  16), (  14,  29), (   4,  19), (  24,   2), (  17,  32), (  26,   4), (   7,  22), (  19,  34), (  36,  14), (   2,  17), (  30,   8), (  10,  25), (  27,   5), (   9,  24)]
[(  16,  32), (  33,  12), (   7,  23), (  27,   6), (  24,   3), (  22,   1), (   1,  17), (  11,  27), (   8,  24), (  12,  28), (  28,   7), (  26,   5), (  23,   2), (  34,  13), (  10,  26), (  20,  36), (  13,  29), (  29,   8), (  32,  11), (  14,  30), (   3,  19), (  15,  31), (  36,  15), (   6,  22), (  18,  34), (   9,  25), (  19,  35), (   4,  20), (   2,  18), (  17,  33), (  25,   4), (  31,  10), (  35,  14), (  30,   9), (   5,  21)]
[(   8,  25), (  11,  28), (  15,  32), (  34,  14), (  29,   9), (   3,  20), (  24,   4), (  19,  36), (   5,  22), (   2,  19), (  22,   2), (   7,  24), (  36,  16), (  26,   6), (  31,  11), (   4,  21), (  10,  27), (  27,   7), (  12,  29), (  16,  33), (   1,  18), (   9,  26), (  25,   5), (  13,  30), (  14,  31), (  18,  35), (  30,  10), (  17,  34), (  33,  13), (   6,  23), (  35,  15), (  23,   3), (  28,   8), (  21,   1), (  32,  12)]
[(   4,  22), (   5,  23), (  17,  35), (  20,   1), (  26,   7), (  18,  36), (  11,  29), (  23,   4), (  15,  33), (   6,  24), (  24,   5), (  25,   6), (   7,  25), (  30,  11), (  12,  30), (   8,  26), (  28,   9), (  10,  28), (   3,  21), (  27,   8), (  31,  12), (  32,  13), (  21,   2), (  34,  15), (  29,  10), (  13,  31), (  16,  34), (   1,  19), (  35,  16), (  22,   3), (   9,  27), (  36,  17), (   2,  20), (  14,  32), (  33,  14)]