[(   1,   2), (   2,   3), (   3,   4), (   4,   5), (   5,   6), (   6,   7), (   7,   8), (   8,   9), (   9,  10), (  10,  11), (  11,  12), (  12,  13), (  13,  14), (  14,  15), (  15,  16), (  16,  17), (  17,  18), (  18,  19), (  19,  20), (  20,  21), (  21,  22), (  22,  23), (  23,  24), (  24,  25), (  25,  26), (  26,  27), (  27,  28), (  28,  29), (  29,  30), (  30,  31), (  31,  32), (  32,  33), (  33,  34), (  34,  35), (  35,  36)]
[(  26,  28), (  14,  16), (  16,  18), (   7,   9), (  34,  36), (  24,  26), (  28,  30), (  10,  12), (  12,  14), (  32,  34), (  15,  17), (   2,   4), (   4,   6), (  30,  32), (  21,  23), (  22,  24), (  19,  21), (   9,  11), (  29,  31), (  31,  33), (  33,  35), (  27,  29), (   1,   3), (   6,   8), (  11,  13), (   8,  10), (  17,  19), (  18,  20), (   5,   7), (  36,   1), (  25,  27), (   3,   5), (  13,  15), (  23,  25), (  20,  22)]
[(  13,  16), (  27,  30), (  10,  13), (  24,  27), (  22,  25), (  32,  35), (  29,  32), (  21,  24), (  31,  34), (  15,  18), (   1,   4), (  35,   1), (  28,  31), (  23,  26), (  26,  29), (  18,  21), (  30,  33), (  17,  20), (   2,   5), (  36,   2), (   5,   8), (   3,   6), (  25,  28), (  33,  36), (   6,   9), (   4,   7), (   9,  12), (  19,  22), (  11,  14), (   8,  11), (  16,  19), (  12,  15), (  20,  23), (  14,  17), (   7,  10)]
[(   4,   8), (   9,  13), (  31,  35), (  32,  36), (  17,  21), (  30,  34), (  34,   1), (  15,  19), (  19,  23), (   2,   6), (  26,  30), (  22,  26), (  20,  24), (  29,  33), (  10,  14), (   5,   9), (  36,   3), (  35,   2), (   7,  11), (   1,   5), (   6,  10), (  24,  28), (   8,  12), (  28,  32), (  27,  31), (  12,  16), (  18,  22), (  13,  17), (  21,  25), (  14,  18), (   3,   7), (  16,  20), (  25,  29), (  11,  15), (  23,  27)]
[(   5,  10), (  26,  31), (  23,  28), (  21,  26), (  24,  29), (   3,   8), (  20,  25), (  30,  35), (  16,  21), (   8,  13), (  13,  18), (  27,  32), (  12,  17), (  19,  24), (  35,   3), (   2,   7), (  22,  27), (  28,  33), (  10,  15), (  11,  16), (  36,   4), (  31,  36), (  17,  22), (  29,  34), (   7,  12), (  34,   2), (  25,  30), (  33,   1), (  15,  20), (   4,   9), (  18,  23), (   6,  11), (   9,  14), (   1,   6), (  14,  19)]
[(  21,  27), (  17,  23), (   1,   7), (  14,  20), (  10,  16), (  19,  25), (  15,  21), (  16,  22), (  27,  33), (  30,  36), (  23,  29), (  25,  31), (  26,  32), (   2,   8), (   5,  11), (  34,   3), (   7,  13), (   4,  10), (  28,  34), (  13,  19), (  24,  30), (   8,  14), (  20,  26), (  35,   4), (  36,   5), (   9,  15), (  29,  35), (   3,   9), (  12,  18), (   6,  12), (  33,   2), (  22,  28), (  11,  17), (  18,  24), (  32,   1)]
[(  25,  32), (  34,   4), (  20,  27), (  11,  18), (  28,  35), (   9,  16), (  36,   6), (  27,  34), (   1,   8), (  14,  21), (   3,  10), (  10,  17), (   8,  15), (   6,  13), (  31,   1), (  23,  30), (   5,  12), (  15,  22), (  18,  25), (  22,  29), (   7,  14), (  12,  19), (  29,  36), (  13,  20), (  21,  28), (  17,  24), (  33,   3), (  35,   5), (  16,  23), (  26,  33), (   4,  11), (   2,   9), (  32,   2), (  19,  26), (  24,  31)]
[(  23,  31), (   7,  15), (  24,  32), (  31,   2), (   1,   9), (  12,  20), (  18,  26), (  25,  33), (  32,   3), (  27,  35), (   6,  14), (  21,  29), (   3,  11), (  36,   7), (  19,  27), (  28,  36), (  35,   6), (  30,   1), (  22,  30), (  26,  34), (  15,  23), (  33,   4), (  11,  19), (   9,  17), (  16,  24), (  14,  22), (  13,  21), (   4,  12), (   2,  10), (  20,  28), (  34,   5), (  17,  25), (  10,  18), (   5,  13), (   8,  16)]
[(  15,  24), (   1,  10), (   2,  11), (   8,  17), (  30,   2), (  18,  27), (  33,   5), (  32,   4), (  26,  35), (  17,  26), (  25,  34), (  34,   6), (  21,  30), (  11,  20), (  24,  33), (   4,  13), (  16,  25), (  14,  23), (  27,  36), (   3,  12), (  19,  28), (   7,  16), (  35,   7), (  10,  19), (  23,  32), (  20,  29), (   5,  14), (  36,   8), (  31,   3), (  13,  22), (   6,  15), (  29,   1), (  12,  21), (  22,  31), (   9,  18)]
[(  12,  22), (  22,  32), (  15,  25), (   3,  13), (  13,  23), (  11,  21), (   4,  14), (  18,  28), (  29,   2), (  19,  29), (  36,   9), (   9,  19), (  34,   7), (  25,  35), (   2,  12), (  35,   8), (  14,  24), (  32,   5), (   6,  16), (   7,  17), (  16,  26), (  10,  20), (  31,   4), (   5,  15), (   8,  18), (  23,  33), (   1,  11), (  21,  31), (  28,   1), (  17,  27), (  20,  30), (  24,  34), (  26,  36), (  30,   3), (  33,   6)]
[(   6,  17), (  18,  29), (  22,  33), (  19,  30), (   8,  19), (  36,  10), (  11,  22), (   2,  13), (  17,  28), (  33,   7), (  16,  27), (   5,  16), (  27,   1), (   1,  12), (   9,  20), (  15,  26), (   4,  15), (  13,  24), (  21,  32), (  30,   4), (  20,  31), (  35,   9), (  10,  21), (  12,  23), (   3,  14), (  25,  36), (  34,   8), (  14,  25), (  32,   6), (  23,  34), (  24,  35), (   7,  18), (  31,   5), (  28,   2), (  29,   3)]
[(  34,   9), (   8,  20), (  17,  29), (  23,  35), (   3,  15), (   2,  14), (  12,  24), (  36,  11), (  13,  25), (  16,  28), (  21,  33), (  33,   8), (  35,  10), (  10,  22), (  32,   7), (  20,  32), (  26,   1), (  31,   6), (   1,  13), (  15,  27), (  27,   2), (  30,   5), (   6,  18), (  18,  30), (  29,   4), (  19,  31), (  24,  36), (  11,  23), (  22,  34), (   7,  19), (   9,  21), (  14,  26), (  28,   3), (   4,  16), (   5,  17)]
[(  20,  33), (  35,  11), (  36,  12), (  25,   1), (  18,  31), (  28,   4), (   3,  16), (  31,   7), (   5,  18), (   9,  22), (  19,  32), (  11,  24), (  16,  29), (  27,   3), (  17,  30), (  14,  27), (  32,   8), (  21,  34), (   4,  17), (  10,  23), (  12,  25), (  13,  26), (   2,  15), (  26,   2), (  22,  35), (  30,   6), (   7,  20), (  34,  10), (  33,   9), (  29,   5), (   1,  14), (  23,  36), (   6,  19), (   8,  21), (  15,  28)]
[(  30,   7), (  19,  33), (   5,  19), (  15,  29), (  12,  26), (  17,  31), (   9,  23), (   3,  17), (   6,  20), (  24,   1), (  31,   8), (  14,  28), (  22,  36), (   4,  18), (  36,  13), (  29,   6), (  20,  34), (  26,   3), (  35,  12), (  18,  32), (  34,  11), (  11,  25), (  32,   9), (   7,  21), (   1,  15), (  28,   5), (   2,  16), (  16,  30), (  13,  27), (  10,  24), (   8,  22), (  21,  35), (  27,   4), (  33,  10), (  25,   2)]
[(  36,  14), (  21,  36), (   6,  21), (  34,  12), (  33,  11), (  23,   1), (   2,  17), (  14,  29), (   7,  22), (   5,  20), (  20,  35), (  15,  30), (  18,  33), (  16,  31), (  28,   6), (  10,  25), (  31,   9), (  12,  27), (   8,  23), (   9,  24), (   3,  18), (  17,  32), (  27,   5), (   1,  16), (  19,  34), (  35,  13), (  32,  10), (  24,   2), (  26,   4), (  25,   3), (  13,  28), (   4,  19), (  30,   8), (  29,   7), (  11,  26)]
[(   3,  19), (  12,  28), (  30,   9), (   6,  22), (   4,  20), (  13,  29), (  19,  35), (  26,   5), (  36,  15), (  25,   4), (  28,   7), (   7,  23), (   9,  25), (   5,  21), (  18,  34), (  33,  12), (  23,   2), (  29,   8), (  24,   3), (  35,  14), (   1,  17), (   2,  18), (  14,  30), (  11,  27), (  17,  33), (  32,  11), (  15,  31), (  27,   6), (   8,  24), (  16,  32), (  10,  26), (  31,  10), (  22,   1), (  20,  36), (  34,  13)]
[(  18,  35), (  25,   5), (  34,  14), (  16,  33), (  27,   7), (   5,  22), (  10,  27), (   6,  23), (  24,   4), (  23,   3), (  22,   2), (   3,  20), (   2,  19), (  17,  34), (   8,  25), (  31,  11), (  11,  28), (  36,  16), (   9,  26), (  28,   8), (  29,   9), (  21,   1), (  33,  13), (  14,  31), (  30,  10), (   1,  18), (  26,   6), (  15,  32), (  19,  36), (  35,  15), (  12,  29), (  13,  30), (   7,  24), (  32,  12), (   4,  21)]
[(  11,  29), (   6,  24), (   8,  26), (  10,  28), (  14,  32), (  15,  33), (  13,  31), (  20,   1), (  30,  11), (  31,  12), (  24,   5), (  18,  36), (   5,  23), (  28,   9), (   4,  22), (   1,  19), (  29,  10), (   7,  25), (  33,  14), (  25,   6), (  32,  13), (  34,  15), (  16,  34), (  22,   3), (   2,  20), (   3,  21), (  23,   4), (  26,   7), (  17,  35), (  21,   2), (  36,  17), (  27,   8), (  35,  16), (   9,  27), (  12,  30)]