[(   1,   2), (   2,   3), (   3,   4), (   4,   5), (   5,   6), (   6,   7), (   7,   8), (   8,   9), (   9,  10), (  10,  11), (  11,  12), (  12,  13), (  13,  14), (  14,  15), (  15,  16), (  16,  17), (  17,  18), (  18,  19), (  19,  20), (  20,  21), (  21,  22), (  22,  23), (  23,  24), (  24,  25), (  25,  26), (  26,  27), (  27,  28), (  28,  29), (  29,  30), (  30,  31), (  31,  32), (  32,  33), (  33,  34), (  34,  35), (  35,  36)]
[(   4,   6), (  19,  21), (   5,   7), (  14,  16), (  17,  19), (  32,  34), (  13,  15), (  27,  29), (  29,  31), (  33,  35), (  20,  22), (  25,  27), (   9,  11), (  36,   1), (  30,  32), (  21,  23), (  26,  28), (  34,  36), (  10,  12), (  23,  25), (  12,  14), (   2,   4), (  31,  33), (  28,  30), (  15,  17), (  22,  24), (   6,   8), (  16,  18), (   1,   3), (  18,  20), (  11,  13), (   7,   9), (   3,   5), (   8,  10), (  24,  26)]
[(  31,  34), (  15,  18), (  16,  19), (  22,  25), (   8,  11), (  27,  30), (  28,  31), (  10,  13), (  36,   2), (   5,   8), (  21,  24), (  32,  35), (  12,  15), (  25,  28), (   4,   7), (  24,  27), (  20,  23), (  17,  20), (  23,  26), (   9,  12), (   7,  10), (  35,   1), (  11,  14), (  14,  17), (  33,  36), (  30,  33), (   2,   5), (   1,   4), (  19,  22), (  29,  32), (  26,  29), (  13,  16), (   6,   9), (  18,  21), (   3,   6)]
[(  29,  33), (  16,  20), (  24,  28), (  17,  21), (  26,  30), (  14,  18), (  18,  22), (   1,   5), (  13,  17), (  20,  24), (   6,  10), (  30,  34), (  19,  23), (   8,  12), (  25,  29), (  11,  15), (   2,   6), (  35,   2), (  34,   1), (  36,   3), (  28,  32), (  10,  14), (   9,  13), (  23,  27), (   7,  11), (   3,   7), (  21,  25), (  31,  35), (  32,  36), (  12,  16), (   5,   9), (  22,  26), (  15,  19), (  27,  31), (   4,   8)]
[(  22,  27), (  25,  30), (   6,  11), (  34,   2), (  35,   3), (  12,  17), (  27,  32), (  20,  25), (  19,  24), (  18,  23), (  36,   4), (  23,  28), (  31,  36), (  30,  35), (  33,   1), (   2,   7), (   4,   9), (  21,  26), (   8,  13), (   1,   6), (  29,  34), (   3,   8), (  16,  21), (  11,  16), (  13,  18), (  14,  19), (  24,  29), (  15,  20), (   7,  12), (  10,  15), (  28,  33), (   5,  10), (  26,  31), (  17,  22), (   9,  14)]
[(  19,  25), (  35,   4), (   9,  15), (  26,  32), (  32,   1), (  13,  19), (  11,  17), (  24,  30), (  21,  27), (  25,  31), (  28,  34), (   4,  10), (  10,  16), (  16,  22), (   6,  12), (  20,  26), (  27,  33), (   3,   9), (   5,  11), (  22,  28), (  18,  24), (  30,  36), (  36,   5), (   1,   7), (  23,  29), (   2,   8), (  12,  18), (   8,  14), (  17,  23), (  34,   3), (  15,  21), (  29,  35), (   7,  13), (  14,  20), (  33,   2)]
[(   7,  14), (   6,  13), (  29,  36), (  28,  35), (  22,  29), (   9,  16), (  33,   3), (  19,  26), (  11,  18), (   2,   9), (  26,  33), (  14,  21), (  32,   2), (  13,  20), (  17,  24), (  35,   5), (   8,  15), (  15,  22), (  18,  25), (  24,  31), (   1,   8), (  12,  19), (  25,  32), (   3,  10), (  27,  34), (  34,   4), (  16,  23), (  36,   6), (  20,  27), (   4,  11), (  10,  17), (  31,   1), (  21,  28), (   5,  12), (  23,  30)]
[(  13,  21), (   1,   9), (  31,   2), (  10,  18), (  23,  31), (  33,   4), (  30,   1), (  32,   3), (  35,   6), (  22,  30), (  19,  27), (   8,  16), (  21,  29), (  34,   5), (  27,  35), (  28,  36), (  36,   7), (   4,  12), (  24,  32), (   5,  13), (  25,  33), (  20,  28), (  12,  20), (  18,  26), (   6,  14), (  15,  23), (   9,  17), (  26,  34), (   2,  10), (  17,  25), (  14,  22), (   3,  11), (  16,  24), (  11,  19), (   7,  15)]
[(   9,  18), (  24,  33), (  21,  30), (  36,   8), (   7,  16), (  22,  31), (  20,  29), (  35,   7), (  23,  32), (  34,   6), (   8,  17), (  29,   1), (  26,  35), (  17,  26), (  13,  22), (  25,  34), (   5,  14), (  14,  23), (  30,   2), (  10,  19), (  31,   3), (   6,  15), (   1,  10), (  33,   5), (   3,  12), (  12,  21), (  32,   4), (   2,  11), (   4,  13), (  27,  36), (  16,  25), (  18,  27), (  11,  20), (  15,  24), (  19,  28)]
[(  10,  20), (  26,  36), (   8,  18), (   3,  13), (  18,  28), (  15,  25), (   2,  12), (   6,  16), (  12,  22), (  19,  29), (  25,  35), (  33,   6), (  20,  30), (  11,  21), (   9,  19), (  31,   4), (  22,  32), (  32,   5), (  36,   9), (   4,  14), (   5,  15), (  24,  34), (   7,  17), (  21,  31), (  28,   1), (   1,  11), (  34,   7), (  13,  23), (  16,  26), (  23,  33), (  35,   8), (  14,  24), (  29,   2), (  30,   3), (  17,  27)]
[(  15,  26), (  31,   5), (  22,  33), (  19,  30), (  14,  25), (  29,   3), (   5,  16), (  12,  23), (   3,  14), (   4,  15), (   2,  13), (   9,  20), (  27,   1), (  33,   7), (  23,  34), (   1,  12), (  24,  35), (  13,  24), (  17,  28), (  34,   8), (  16,  27), (  18,  29), (  30,   4), (   8,  19), (  10,  21), (  36,  10), (  20,  31), (  21,  32), (  35,   9), (  28,   2), (   7,  18), (   6,  17), (  25,  36), (  32,   6), (  11,  22)]
[(  12,  24), (  10,  22), (  20,  32), (  11,  23), (  15,  27), (  36,  11), (  14,  26), (  22,  34), (  30,   5), (  32,   7), (   3,  15), (   5,  17), (  33,   8), (  27,   2), (   2,  14), (   6,  18), (  19,  31), (  31,   6), (  29,   4), (  17,  29), (  23,  35), (   9,  21), (  28,   3), (  34,   9), (   4,  16), (  16,  28), (  35,  10), (   7,  19), (  21,  33), (   1,  13), (  24,  36), (   8,  20), (  18,  30), (  26,   1), (  13,  25)]
[(  35,  11), (  32,   8), (  12,  25), (   7,  20), (  36,  12), (  10,  23), (  34,  10), (  15,  28), (  20,  33), (  14,  27), (  31,   7), (  11,  24), (  28,   4), (  18,  31), (   8,  21), (  33,   9), (   3,  16), (  25,   1), (  27,   3), (  26,   2), (   6,  19), (  13,  26), (  22,  35), (   2,  15), (  19,  32), (  29,   5), (   1,  14), (  17,  30), (   5,  18), (   9,  22), (  30,   6), (  21,  34), (   4,  17), (  23,  36), (  16,  29)]
[(  28,   5), (  14,  28), (  13,  27), (  24,   1), (  33,  10), (  21,  35), (   9,  23), (   4,  18), (   1,  15), (  12,  26), (  18,  32), (  22,  36), (   3,  17), (  32,   9), (  26,   3), (   8,  22), (  34,  11), (  16,  30), (   7,  21), (  30,   7), (  36,  13), (  17,  31), (  15,  29), (  29,   6), (  31,   8), (   6,  20), (  19,  33), (  10,  24), (  11,  25), (   5,  19), (  27,   4), (  25,   2), (  35,  12), (   2,  16), (  20,  34)]
[(  30,   8), (  12,  27), (  23,   1), (  31,   9), (   9,  24), (  24,   2), (  21,  36), (  36,  14), (  26,   4), (  13,  28), (   1,  16), (   3,  18), (   7,  22), (   4,  19), (   5,  20), (  14,  29), (  10,  25), (  33,  11), (  16,  31), (  18,  33), (   2,  17), (  27,   5), (  19,  34), (  35,  13), (  20,  35), (  17,  32), (  11,  26), (  25,   3), (  28,   6), (   6,  21), (  34,  12), (  15,  30), (   8,  23), (  29,   7), (  32,  10)]
[(  16,  32), (   7,  23), (  10,  26), (  27,   6), (  34,  13), (  26,   5), (  19,  35), (  17,  33), (  28,   7), (   1,  17), (  14,  30), (  15,  31), (  18,  34), (  24,   3), (  31,  10), (   3,  19), (  13,  29), (  29,   8), (   6,  22), (  11,  27), (   4,  20), (  32,  11), (   2,  18), (  20,  36), (  30,   9), (   9,  25), (  36,  15), (  33,  12), (   8,  24), (  35,  14), (  23,   2), (  12,  28), (  22,   1), (  25,   4), (   5,  21)]
[(  23,   3), (  17,  34), (  34,  14), (  12,  29), (   4,  21), (  28,   8), (  24,   4), (  31,  11), (   8,  25), (  36,  16), (  29,   9), (   2,  19), (  25,   5), (   6,  23), (  11,  28), (  30,  10), (  21,   1), (  27,   7), (  35,  15), (  15,  32), (   9,  26), (  16,  33), (  26,   6), (  32,  12), (  22,   2), (  18,  35), (  13,  30), (   5,  22), (  14,  31), (   7,  24), (   3,  20), (  19,  36), (  10,  27), (  33,  13), (   1,  18)]
[(  36,  17), (  11,  29), (  17,  35), (  15,  33), (   2,  20), (  20,   1), (  25,   6), (  21,   2), (  16,  34), (   3,  21), (   5,  23), (  26,   7), (   6,  24), (  29,  10), (  18,  36), (  32,  13), (  12,  30), (  10,  28), (  33,  14), (  35,  16), (  30,  11), (   7,  25), (  27,   8), (   4,  22), (  24,   5), (  13,  31), (  22,   3), (   9,  27), (  34,  15), (   8,  26), (   1,  19), (  23,   4), (  14,  32), (  28,   9), (  31,  12)]