[(   1,   2), (   2,   3), (   3,   4), (   4,   5), (   5,   6), (   6,   7), (   7,   8), (   8,   9), (   9,  10), (  10,  11), (  11,  12), (  12,  13), (  13,  14), (  14,  15), (  15,  16), (  16,  17), (  17,  18), (  18,  19), (  19,  20), (  20,  21), (  21,  22), (  22,  23), (  23,  24), (  24,  25), (  25,  26), (  26,  27), (  27,  28), (  28,  29), (  29,  30), (  30,  31), (  31,  32), (  32,  33), (  33,  34), (  34,  35), (  35,  36)]
[(  23,  25), (  33,  35), (  11,  13), (  14,  16), (  20,  22), (  30,  32), (  18,  20), (  29,  31), (  32,  34), (   6,   8), (  17,  19), (  27,  29), (   9,  11), (   3,   5), (  19,  21), (  34,  36), (  26,  28), (  36,   1), (   8,  10), (  15,  17), (  16,  18), (  28,  30), (   1,   3), (  13,  15), (  22,  24), (   7,   9), (   2,   4), (  31,  33), (  25,  27), (   5,   7), (   4,   6), (  21,  23), (  12,  14), (  10,  12), (  24,  26)]
[(  31,  34), (  28,  31), (   5,   8), (  22,  25), (  21,  24), (  16,  19), (  23,  26), (   1,   4), (  19,  22), (  29,  32), (  13,  16), (  35,   1), (  32,  35), (  27,  30), (  26,  29), (   4,   7), (  20,  23), (  25,  28), (  36,   2), (  24,  27), (   8,  11), (   9,  12), (   2,   5), (  11,  14), (  33,  36), (  10,  13), (  15,  18), (  17,  20), (   7,  10), (  18,  21), (  30,  33), (  12,  15), (   6,   9), (  14,  17), (   3,   6)]
[(  29,  33), (  25,  29), (  32,  36), (  17,  21), (  28,  32), (   9,  13), (   1,   5), (  20,  24), (  13,  17), (   5,   9), (   3,   7), (  22,  26), (  18,  22), (   6,  10), (  10,  14), (  26,  30), (   2,   6), (  27,  31), (  12,  16), (  31,  35), (  23,  27), (  35,   2), (  15,  19), (   8,  12), (   7,  11), (  36,   3), (  30,  34), (  11,  15), (  34,   1), (  24,  28), (  14,  18), (  16,  20), (  21,  25), (  19,  23), (   4,   8)]
[(  30,  35), (   5,  10), (  18,  23), (  34,   2), (  26,  31), (  31,  36), (  22,  27), (   6,  11), (  25,  30), (  15,  20), (  27,  32), (  20,  25), (  28,  33), (   8,  13), (   3,   8), (  33,   1), (   4,   9), (  12,  17), (  23,  28), (   2,   7), (  29,  34), (  13,  18), (  11,  16), (  36,   4), (  14,  19), (  17,  22), (  24,  29), (   7,  12), (  19,  24), (   1,   6), (  21,  26), (  35,   3), (  10,  15), (  16,  21), (   9,  14)]
[(  36,   5), (   6,  12), (  21,  27), (  26,  32), (  30,  36), (  15,  21), (   3,   9), (  17,  23), (   8,  14), (  22,  28), (  14,  20), (  24,  30), (   4,  10), (  25,  31), (  11,  17), (  13,  19), (  27,  33), (  35,   4), (  29,  35), (  12,  18), (  20,  26), (  32,   1), (  28,  34), (  23,  29), (   2,   8), (  18,  24), (  19,  25), (  34,   3), (   9,  15), (  16,  22), (  10,  16), (   5,  11), (   1,   7), (   7,  13), (  33,   2)]
[(   7,  14), (  14,  21), (  22,  29), (  28,  35), (  18,  25), (   5,  12), (   4,  11), (  33,   3), (  35,   5), (  34,   4), (  24,  31), (  10,  17), (  17,  24), (  19,  26), (  31,   1), (  32,   2), (   8,  15), (  16,  23), (  15,  22), (   6,  13), (  36,   6), (  20,  27), (  13,  20), (  21,  28), (  27,  34), (   1,   8), (   3,  10), (   9,  16), (  26,  33), (  25,  32), (  12,  19), (   2,   9), (  29,  36), (  11,  18), (  23,  30)]
[(  11,  19), (   8,  16), (  16,  24), (  10,  18), (   3,  11), (  20,  28), (  24,  32), (  13,  21), (  23,  31), (  31,   2), (   1,   9), (  32,   3), (  30,   1), (   4,  12), (  27,  35), (  35,   6), (  36,   7), (   6,  14), (  18,  26), (  34,   5), (   2,  10), (  33,   4), (  25,  33), (  26,  34), (  15,  23), (  21,  29), (   5,  13), (  14,  22), (  12,  20), (   9,  17), (  17,  25), (  19,  27), (  22,  30), (  28,  36), (   7,  15)]
[(   9,  18), (  18,  27), (   1,  10), (  36,   8), (   7,  16), (  17,  26), (  16,  25), (  26,  35), (   2,  11), (  21,  30), (  33,   5), (  34,   6), (   6,  15), (  20,  29), (  24,  33), (  15,  24), (   5,  14), (  13,  22), (  32,   4), (  14,  23), (   4,  13), (  10,  19), (  22,  31), (  30,   2), (   3,  12), (  25,  34), (  12,  21), (  27,  36), (   8,  17), (  11,  20), (  35,   7), (  29,   1), (  23,  32), (  31,   3), (  19,  28)]
[(  10,  20), (  20,  30), (   7,  17), (   3,  13), (  13,  23), (  23,  33), (  29,   2), (  12,  22), (  16,  26), (  14,  24), (  26,  36), (   9,  19), (  19,  29), (   1,  11), (   2,  12), (  11,  21), (  22,  32), (  34,   7), (  21,  31), (  30,   3), (  25,  35), (   5,  15), (   8,  18), (  32,   5), (  28,   1), (  33,   6), (   6,  16), (  35,   8), (  31,   4), (   4,  14), (  36,   9), (  24,  34), (  18,  28), (  15,  25), (  17,  27)]
[(  15,  26), (   4,  15), (  28,   2), (  19,  30), (   8,  19), (  34,   8), (  36,  10), (  25,  36), (   1,  12), (  16,  27), (  18,  29), (   5,  16), (  31,   5), (  23,  34), (   9,  20), (  12,  23), (  24,  35), (  21,  32), (   6,  17), (  22,  33), (  17,  28), (  14,  25), (  32,   6), (  33,   7), (  10,  21), (  20,  31), (  35,   9), (   2,  13), (   3,  14), (  29,   3), (  27,   1), (   7,  18), (  13,  24), (  30,   4), (  11,  22)]
[(  12,  24), (  24,  36), (  31,   6), (  11,  23), (  34,   9), (  35,  10), (  21,  33), (  16,  28), (  15,  27), (   7,  19), (  22,  34), (  33,   8), (   8,  20), (   9,  21), (  32,   7), (  10,  22), (  19,  31), (   3,  15), (   1,  13), (  29,   4), (  30,   5), (  36,  11), (  17,  29), (   6,  18), (   4,  16), (   2,  14), (  20,  32), (  18,  30), (  23,  35), (  27,   2), (  28,   3), (  14,  26), (   5,  17), (  26,   1), (  13,  25)]
[(   4,  17), (  13,  26), (  12,  25), (   7,  20), (   1,  14), (  14,  27), (   6,  19), (  34,  10), (  28,   4), (  25,   1), (   2,  15), (  15,  28), (  21,  34), (  22,  35), (  30,   6), (  18,  31), (   3,  16), (  26,   2), (  33,   9), (  32,   8), (  31,   7), (   8,  21), (  36,  12), (   9,  22), (  29,   5), (  35,  11), (  23,  36), (  19,  32), (   5,  18), (  10,  23), (  11,  24), (  17,  30), (  27,   3), (  20,  33), (  16,  29)]
[(  13,  27), (   9,  23), (  19,  33), (  24,   1), (  27,   4), (  25,   2), (  14,  28), (   5,  19), (  29,   6), (  12,  26), (  21,  35), (   4,  18), (  26,   3), (  18,  32), (  22,  36), (  28,   5), (  34,  11), (  33,  10), (  30,   7), (  11,  25), (   1,  15), (  17,  31), (   7,  21), (   3,  17), (   6,  20), (  16,  30), (   8,  22), (  10,  24), (   2,  16), (  35,  12), (  15,  29), (  36,  13), (  31,   8), (  32,   9), (  20,  34)]
[(   6,  21), (   7,  22), (  20,  35), (  31,   9), (   2,  17), (   3,  18), (  34,  12), (  15,  30), (  18,  33), (  35,  13), (  30,   8), (  36,  14), (  12,  27), (  24,   2), (  13,  28), (  14,  29), (  10,  25), (   5,  20), (  25,   3), (   1,  16), (   9,  24), (  29,   7), (  26,   4), (  16,  31), (  17,  32), (   4,  19), (  33,  11), (  23,   1), (  21,  36), (  19,  34), (   8,  23), (  28,   6), (  11,  26), (  27,   5), (  32,  10)]
[(  16,  32), (  32,  11), (  14,  30), (  27,   6), (  33,  12), (  22,   1), (  15,  31), (   2,  18), (  20,  36), (  17,  33), (  25,   4), (   7,  23), (  23,   2), (  28,   7), (  18,  34), (   9,  25), (  13,  29), (   8,  24), (  11,  27), (  10,  26), (   3,  19), (  24,   3), (  35,  14), (  19,  35), (  30,   9), (  12,  28), (   1,  17), (  26,   5), (   6,  22), (  36,  15), (  34,  13), (  31,  10), (   4,  20), (  29,   8), (   5,  21)]
[(  28,   8), (  17,  34), (   9,  26), (  12,  29), (  35,  15), (  24,   4), (  13,  30), (  27,   7), (   7,  24), (  23,   3), (   6,  23), (  31,  11), (  36,  16), (  16,  33), (  25,   5), (   3,  20), (  21,   1), (  29,   9), (  34,  14), (  19,  36), (  32,  12), (  26,   6), (  30,  10), (  10,  27), (  18,  35), (  15,  32), (  14,  31), (   4,  21), (  11,  28), (  33,  13), (   5,  22), (   8,  25), (   2,  19), (  22,   2), (   1,  18)]
[(  22,   3), (   1,  19), (  34,  15), (  15,  33), (  29,  10), (  11,  29), (  17,  35), (  14,  32), (   3,  21), (  18,  36), (  10,  28), (  21,   2), (   7,  25), (  36,  17), (  23,   4), (  27,   8), (  12,  30), (  30,  11), (  24,   5), (  28,   9), (  33,  14), (  16,  34), (   9,  27), (  20,   1), (  13,  31), (   5,  23), (  26,   7), (  25,   6), (  32,  13), (   8,  26), (   2,  20), (   4,  22), (  35,  16), (   6,  24), (  31,  12)]