[(   1,   2), (   2,   3), (   3,   4), (   4,   5), (   5,   6), (   6,   7), (   7,   8), (   8,   9), (   9,  10), (  10,  11), (  11,  12), (  12,  13), (  13,  14), (  14,  15), (  15,  16), (  16,  17), (  17,  18), (  18,  19), (  19,  20), (  20,  21), (  21,  22), (  22,  23), (  23,  24), (  24,  25), (  25,  26), (  26,  27), (  27,  28), (  28,  29), (  29,  30), (  30,  31), (  31,  32), (  32,  33), (  33,  34), (  34,  35), (  35,  36)]
[(  19,  21), (   5,   7), (  10,  12), (  18,  20), (  22,  24), (  31,  33), (   4,   6), (   3,   5), (  21,  23), (  24,  26), (   6,   8), (  14,  16), (  34,  36), (  32,  34), (  23,  25), (  12,  14), (  11,  13), (  30,  32), (  27,  29), (  36,   1), (  13,  15), (  17,  19), (   9,  11), (  29,  31), (  15,  17), (  33,  35), (   2,   4), (  16,  18), (  20,  22), (   8,  10), (  26,  28), (  25,  27), (   7,   9), (   1,   3), (  28,  30)]
[(  14,  17), (  28,  31), (  21,  24), (   9,  12), (  15,  18), (  20,  23), (  36,   2), (  24,  27), (   1,   4), (   6,   9), (  13,  16), (  31,  34), (  32,  35), (  19,  22), (  26,  29), (  35,   1), (   3,   6), (  22,  25), (  25,  28), (  27,  30), (   7,  10), (  11,  14), (  10,  13), (  17,  20), (  33,  36), (   5,   8), (  29,  32), (   2,   5), (  16,  19), (  18,  21), (   4,   7), (   8,  11), (  12,  15), (  30,  33), (  23,  26)]
[(   6,  10), (  25,  29), (  29,  33), (  11,  15), (  36,   3), (  21,  25), (  34,   1), (  32,  36), (  16,  20), (  13,  17), (  23,  27), (   4,   8), (  18,  22), (  27,  31), (  10,  14), (   2,   6), (  28,  32), (   5,   9), (  22,  26), (   3,   7), (  12,  16), (   8,  12), (   1,   5), (  26,  30), (   7,  11), (  30,  34), (  19,  23), (  15,  19), (  31,  35), (  24,  28), (  14,  18), (  17,  21), (  35,   2), (  20,  24), (   9,  13)]
[(  23,  28), (   1,   6), (   2,   7), (  17,  22), (   8,  13), (   3,   8), (  25,  30), (  28,  33), (  24,  29), (  27,  32), (  33,   1), (  10,  15), (  21,  26), (   5,  10), (  30,  35), (  19,  24), (  20,  25), (  35,   3), (  36,   4), (   9,  14), (  31,  36), (   4,   9), (  29,  34), (  18,  23), (  13,  18), (  14,  19), (  11,  16), (   6,  11), (  34,   2), (  12,  17), (  16,  21), (  15,  20), (  22,  27), (  26,  31), (   7,  12)]
[(  24,  30), (  16,  22), (   8,  14), (  10,  16), (  27,  33), (  35,   4), (  18,  24), (  20,  26), (  13,  19), (  28,  34), (  19,  25), (  11,  17), (   3,   9), (   2,   8), (  36,   5), (  26,  32), (  21,  27), (  14,  20), (   1,   7), (  25,  31), (   5,  11), (  34,   3), (  22,  28), (  15,  21), (  23,  29), (  17,  23), (   9,  15), (   4,  10), (  12,  18), (   7,  13), (  33,   2), (  29,  35), (  30,  36), (   6,  12), (  32,   1)]
[(   5,  12), (  14,  21), (  23,  30), (  26,  33), (  34,   4), (  10,  17), (   9,  16), (  11,  18), (  15,  22), (  29,  36), (  28,  35), (  18,  25), (  17,  24), (  16,  23), (  31,   1), (  21,  28), (   7,  14), (  36,   6), (   8,  15), (  32,   2), (  20,  27), (  35,   5), (  19,  26), (   2,   9), (  27,  34), (  24,  31), (  33,   3), (  13,  20), (   1,   8), (  25,  32), (   6,  13), (  12,  19), (   3,  10), (   4,  11), (  22,  29)]
[(  18,  26), (   9,  17), (  27,  35), (  24,  32), (  21,  29), (  26,  34), (  19,  27), (   2,  10), (   3,  11), (  15,  23), (  14,  22), (  28,  36), (   4,  12), (  33,   4), (  11,  19), (  22,  30), (  23,  31), (  13,  21), (  10,  18), (   8,  16), (   1,   9), (  25,  33), (  17,  25), (   5,  13), (   6,  14), (   7,  15), (  35,   6), (  30,   1), (  32,   3), (  34,   5), (  12,  20), (  31,   2), (  20,  28), (  36,   7), (  16,  24)]
[(  27,  36), (  18,  27), (  17,  26), (  29,   1), (  16,  25), (  19,  28), (  14,  23), (  22,  31), (  26,  35), (  12,  21), (  31,   3), (  23,  32), (   6,  15), (  20,  29), (  24,  33), (   9,  18), (  33,   5), (   1,  10), (   2,  11), (  15,  24), (  25,  34), (  21,  30), (  30,   2), (  36,   8), (   3,  12), (  32,   4), (   8,  17), (  35,   7), (   5,  14), (  11,  20), (  10,  19), (   7,  16), (   4,  13), (  13,  22), (  34,   6)]
[(  31,   4), (  20,  30), (  22,  32), (  25,  35), (   7,  17), (  12,  22), (   3,  13), (   6,  16), (  18,  28), (  35,   8), (  32,   5), (  30,   3), (  19,  29), (  26,  36), (   2,  12), (   5,  15), (   9,  19), (  24,  34), (  23,  33), (  13,  23), (  33,   6), (  29,   2), (   8,  18), (  34,   7), (  28,   1), (  11,  21), (  14,  24), (  21,  31), (  17,  27), (   4,  14), (   1,  11), (  36,   9), (  16,  26), (  15,  25), (  10,  20)]
[(  11,  22), (   4,  15), (   5,  16), (  23,  34), (  28,   2), (   2,  13), (  17,  28), (  12,  23), (  33,   7), (  20,  31), (   7,  18), (  24,  35), (  31,   5), (   6,  17), (   9,  20), (  34,   8), (  30,   4), (  16,  27), (  35,   9), (  22,  33), (  19,  30), (  27,   1), (  32,   6), (   1,  12), (  10,  21), (  18,  29), (  36,  10), (  14,  25), (  15,  26), (  29,   3), (  25,  36), (  13,  24), (  21,  32), (   8,  19), (   3,  14)]
[(  33,   8), (  24,  36), (   6,  18), (  31,   6), (  20,  32), (  15,  27), (  21,  33), (  17,  29), (  30,   5), (   2,  14), (  34,   9), (   7,  19), (   8,  20), (  28,   3), (  32,   7), (  13,  25), (  35,  10), (  29,   4), (  12,  24), (   5,  17), (  14,  26), (  16,  28), (   3,  15), (  10,  22), (   4,  16), (   1,  13), (  18,  30), (  22,  34), (  36,  11), (  27,   2), (  23,  35), (  26,   1), (  11,  23), (   9,  21), (  19,  31)]
[(   7,  20), (  10,  23), (  15,  28), (  14,  27), (   1,  14), (   5,  18), (  22,  35), (  21,  34), (  32,   8), (   3,  16), (  17,  30), (  20,  33), (  25,   1), (  11,  24), (   4,  17), (  27,   3), (  26,   2), (   2,  15), (  30,   6), (   6,  19), (  28,   4), (  13,  26), (  31,   7), (  35,  11), (  19,  32), (  36,  12), (  12,  25), (  23,  36), (  33,   9), (   9,  22), (  29,   5), (  34,  10), (  18,  31), (  16,  29), (   8,  21)]
[(  32,   9), (  35,  12), (  11,  25), (  36,  13), (   9,  23), (  24,   1), (  12,  26), (   1,  15), (  25,   2), (  30,   7), (  15,  29), (  29,   6), (  16,  30), (   7,  21), (  13,  27), (  33,  10), (  22,  36), (  17,  31), (   3,  17), (  34,  11), (  18,  32), (   6,  20), (  21,  35), (  27,   4), (  31,   8), (   2,  16), (  20,  34), (  26,   3), (  10,  24), (  19,  33), (   8,  22), (  28,   5), (   5,  19), (  14,  28), (   4,  18)]
[(  25,   3), (  19,  34), (  31,   9), (  30,   8), (  11,  26), (  36,  14), (   5,  20), (   4,  19), (  34,  12), (  18,  33), (  21,  36), (  27,   5), (  33,  11), (  35,  13), (   6,  21), (  29,   7), (   1,  16), (   8,  23), (  16,  31), (  26,   4), (  24,   2), (  32,  10), (  12,  27), (  28,   6), (  20,  35), (  10,  25), (   7,  22), (   9,  24), (  13,  28), (  23,   1), (  15,  30), (   3,  18), (  14,  29), (  17,  32), (   2,  17)]
[(  13,  29), (  32,  11), (  34,  13), (  28,   7), (  19,  35), (  16,  32), (  31,  10), (  35,  14), (  27,   6), (  25,   4), (  10,  26), (  22,   1), (  23,   2), (   9,  25), (  18,  34), (  20,  36), (   8,  24), (  33,  12), (   5,  21), (  12,  28), (  29,   8), (  15,  31), (   4,  20), (   3,  19), (  30,   9), (   6,  22), (  26,   5), (  17,  33), (   7,  23), (  36,  15), (  24,   3), (  14,  30), (   1,  17), (   2,  18), (  11,  27)]
[(  35,  15), (  33,  13), (  19,  36), (   2,  19), (  30,  10), (  29,   9), (  15,  32), (  13,  30), (  14,  31), (   5,  22), (  24,   4), (   9,  26), (  27,   7), (   1,  18), (  28,   8), (  31,  11), (  12,  29), (  11,  28), (  34,  14), (  18,  35), (  23,   3), (   7,  24), (  36,  16), (  16,  33), (  22,   2), (   3,  20), (  21,   1), (  32,  12), (   4,  21), (  26,   6), (  17,  34), (   6,  23), (   8,  25), (  10,  27), (  25,   5)]
[(  16,  34), (   8,  26), (  20,   1), (   3,  21), (  31,  12), (  30,  11), (  11,  29), (   7,  25), (  36,  17), (   1,  19), (   2,  20), (  21,   2), (  10,  28), (  12,  30), (  22,   3), (  23,   4), (  34,  15), (  26,   7), (  32,  13), (  29,  10), (  17,  35), (  18,  36), (  33,  14), (  14,  32), (  24,   5), (  28,   9), (  13,  31), (  27,   8), (  25,   6), (  35,  16), (   9,  27), (   4,  22), (   6,  24), (   5,  23), (  15,  33)]