[(   1,   2), (   2,   3), (   3,   4), (   4,   5), (   5,   6), (   6,   7), (   7,   8), (   8,   9), (   9,  10), (  10,  11), (  11,  12), (  12,  13), (  13,  14), (  14,  15), (  15,  16), (  16,  17), (  17,  18), (  18,  19), (  19,  20), (  20,  21), (  21,  22), (  22,  23), (  23,  24), (  24,  25), (  25,  26), (  26,  27), (  27,  28), (  28,  29), (  29,  30), (  30,  31), (  31,  32), (  32,  33), (  33,  34), (  34,  35), (  35,  36)]
[(   7,   9), (  25,  27), (  29,  31), (  22,  24), (  34,  36), (   8,  10), (   2,   4), (  32,  34), (   5,   7), (  33,  35), (  15,  17), (  26,  28), (  16,  18), (  11,  13), (   4,   6), (  27,  29), (  19,  21), (  20,  22), (  21,  23), (  30,  32), (  31,  33), (   6,   8), (  36,   1), (  12,  14), (  17,  19), (   9,  11), (  24,  26), (  13,  15), (  10,  12), (  23,  25), (  18,  20), (  14,  16), (   1,   3), (  28,  30), (   3,   5)]
[(  29,  32), (  17,  20), (  15,  18), (   6,   9), (  32,  35), (  28,  31), (  24,  27), (  26,  29), (  11,  14), (  13,  16), (  21,  24), (  30,  33), (  27,  30), (   3,   6), (  18,  21), (  23,  26), (   1,   4), (  35,   1), (   7,  10), (  14,  17), (  36,   2), (  16,  19), (   2,   5), (  33,  36), (   8,  11), (  25,  28), (  19,  22), (   4,   7), (  20,  23), (  10,  13), (   9,  12), (  22,  25), (   5,   8), (  12,  15), (  31,  34)]
[(  14,  18), (  19,  23), (  22,  26), (   8,  12), (  18,  22), (  12,  16), (  32,  36), (  10,  14), (  27,  31), (   5,   9), (  28,  32), (  25,  29), (  36,   3), (   4,   8), (  24,  28), (   6,  10), (  26,  30), (   9,  13), (  34,   1), (  31,  35), (  11,  15), (  20,  24), (  15,  19), (   7,  11), (  23,  27), (  35,   2), (  13,  17), (  30,  34), (   2,   6), (   1,   5), (   3,   7), (  17,  21), (  21,  25), (  16,  20), (  29,  33)]
[(   6,  11), (  24,  29), (  25,  30), (  34,   2), (   9,  14), (  15,  20), (   5,  10), (  30,  35), (  35,   3), (  18,  23), (   3,   8), (  17,  22), (  21,  26), (  33,   1), (  26,  31), (  20,  25), (   7,  12), (  11,  16), (  31,  36), (   1,   6), (   8,  13), (  28,  33), (  16,  21), (  10,  15), (   2,   7), (  12,  17), (  29,  34), (  27,  32), (  13,  18), (  22,  27), (  19,  24), (  36,   4), (   4,   9), (  14,  19), (  23,  28)]
[(  35,   4), (   8,  14), (  14,  20), (  21,  27), (  20,  26), (  30,  36), (  29,  35), (  19,  25), (  15,  21), (  25,  31), (   1,   7), (   4,  10), (  33,   2), (  22,  28), (  36,   5), (  24,  30), (  23,  29), (  27,  33), (  16,  22), (   5,  11), (  32,   1), (   7,  13), (  34,   3), (  17,  23), (  12,  18), (  18,  24), (   3,   9), (   6,  12), (  11,  17), (   9,  15), (  28,  34), (   2,   8), (  13,  19), (  26,  32), (  10,  16)]
[(  24,  31), (  21,  28), (   5,  12), (  16,  23), (  17,  24), (  34,   4), (  11,  18), (  31,   1), (  29,  36), (  12,  19), (  18,  25), (   9,  16), (   4,  11), (  23,  30), (  25,  32), (   1,   8), (   3,  10), (  32,   2), (  26,  33), (  22,  29), (  20,  27), (  10,  17), (  13,  20), (  27,  34), (  36,   6), (   6,  13), (  35,   5), (  33,   3), (   8,  15), (  19,  26), (  14,  21), (  28,  35), (  15,  22), (   2,   9), (   7,  14)]
[(  22,  30), (   5,  13), (  36,   7), (  28,  36), (   2,  10), (  25,  33), (  14,  22), (  13,  21), (  20,  28), (  21,  29), (  26,  34), (   3,  11), (   7,  15), (  17,  25), (  11,  19), (  32,   3), (   6,  14), (  34,   5), (   9,  17), (  19,  27), (  18,  26), (  31,   2), (  33,   4), (  35,   6), (  16,  24), (  23,  31), (   4,  12), (   8,  16), (  27,  35), (  12,  20), (  30,   1), (  15,  23), (  24,  32), (  10,  18), (   1,   9)]
[(  19,  28), (  34,   6), (   1,  10), (  29,   1), (  21,  30), (  14,  23), (  16,  25), (  11,  20), (  23,  32), (  30,   2), (   5,  14), (  27,  36), (   8,  17), (   9,  18), (  35,   7), (  33,   5), (   2,  11), (  12,  21), (  32,   4), (   7,  16), (   3,  12), (  18,  27), (  22,  31), (   4,  13), (  31,   3), (  20,  29), (   6,  15), (  26,  35), (  25,  34), (  24,  33), (  13,  22), (  10,  19), (  17,  26), (  36,   8), (  15,  24)]
[(  10,  20), (   1,  11), (  35,   8), (   3,  13), (  13,  23), (   9,  19), (  33,   6), (   6,  16), (  16,  26), (  26,  36), (  36,   9), (  14,  24), (  19,  29), (  29,   2), (   2,  12), (  12,  22), (  22,  32), (  30,   3), (   5,  15), (  15,  25), (  25,  35), (  32,   5), (   8,  18), (  18,  28), (  28,   1), (  34,   7), (  11,  21), (  21,  31), (  31,   4), (   4,  14), (  23,  33), (  24,  34), (  20,  30), (   7,  17), (  17,  27)]
[(  15,  26), (  33,   7), (  13,  24), (  19,  30), (   8,  19), (  18,  29), (  23,  34), (  12,  23), (   1,  12), (  27,   1), (  16,  27), (  34,   8), (  31,   5), (  20,  31), (   9,  20), (  35,   9), (  24,  35), (   6,  17), (   2,  13), (  28,   2), (  17,  28), (  30,   4), (  32,   6), (  21,  32), (  10,  21), (   4,  15), (  25,  36), (  14,  25), (   3,  14), (  29,   3), (   5,  16), (   7,  18), (  36,  10), (  22,  33), (  11,  22)]
[(  13,  25), (  35,  10), (  16,  28), (  14,  26), (  28,   3), (   5,  17), (   9,  21), (  27,   2), (   6,  18), (   3,  15), (  19,  31), (  31,   6), (  23,  35), (  12,  24), (  22,  34), (   7,  19), (  15,  27), (  24,  36), (  18,  30), (  34,   9), (   4,  16), (  26,   1), (  17,  29), (  30,   5), (  29,   4), (  33,   8), (   8,  20), (  10,  22), (  21,  33), (  32,   7), (  36,  11), (   1,  13), (   2,  14), (  11,  23), (  20,  32)]
[(  23,  36), (   9,  22), (  21,  34), (   7,  20), (  16,  29), (  22,  35), (  13,  26), (   4,  17), (  17,  30), (  32,   8), (  30,   6), (   5,  18), (  25,   1), (  34,  10), (   1,  14), (  15,  28), (  33,   9), (  28,   4), (  14,  27), (  10,  23), (   6,  19), (  36,  12), (  12,  25), (  26,   2), (  20,  33), (   3,  16), (  31,   7), (  11,  24), (  19,  32), (  35,  11), (   2,  15), (  27,   3), (  18,  31), (  29,   5), (   8,  21)]
[(   3,  17), (  18,  32), (  19,  33), (  11,  25), (   1,  15), (  26,   3), (  17,  31), (  28,   5), (  25,   2), (  14,  28), (  33,  10), (   7,  21), (  20,  34), (  21,  35), (  13,  27), (   4,  18), (  31,   8), (  15,  29), (  35,  12), (  36,  13), (  10,  24), (  34,  11), (  30,   7), (   8,  22), (  32,   9), (   5,  19), (  16,  30), (   9,  23), (  22,  36), (   2,  16), (  27,   4), (   6,  20), (  29,   6), (  24,   1), (  12,  26)]
[(  34,  12), (  26,   4), (   2,  17), (  17,  32), (  33,  11), (  24,   2), (  15,  30), (  18,  33), (  19,  34), (   7,  22), (  20,  35), (  23,   1), (   9,  24), (  27,   5), (  30,   8), (  36,  14), (  13,  28), (   8,  23), (  28,   6), (   3,  18), (  29,   7), (  14,  29), (  11,  26), (  16,  31), (  35,  13), (  21,  36), (  32,  10), (   5,  20), (   1,  16), (   6,  21), (  10,  25), (  31,   9), (  12,  27), (  25,   3), (   4,  19)]
[(   5,  21), (  15,  31), (  32,  11), (  31,  10), (  25,   4), (  11,  27), (  12,  28), (  36,  15), (   8,  24), (   4,  20), (  13,  29), (  19,  35), (   6,  22), (  16,  32), (  17,  33), (  34,  13), (  20,  36), (  10,  26), (  24,   3), (  33,  12), (  30,   9), (   9,  25), (  35,  14), (   3,  19), (  14,  30), (  22,   1), (  23,   2), (   1,  17), (  28,   7), (  18,  34), (  29,   8), (  26,   5), (   7,  23), (  27,   6), (   2,  18)]
[(  16,  33), (  36,  16), (   6,  23), (  18,  35), (  27,   7), (  21,   1), (   3,  20), (   7,  24), (  33,  13), (  17,  34), (  22,   2), (  15,  32), (  32,  12), (  19,  36), (  23,   3), (  31,  11), (  25,   5), (  14,  31), (   8,  25), (  24,   4), (  34,  14), (  35,  15), (  10,  27), (  29,   9), (   5,  22), (  30,  10), (   1,  18), (   2,  19), (   9,  26), (  28,   8), (  26,   6), (  12,  29), (  11,  28), (   4,  21), (  13,  30)]
[(  27,   8), (  12,  30), (   9,  27), (  15,  33), (  31,  12), (  32,  13), (   1,  19), (  22,   3), (   4,  22), (   6,  24), (  23,   4), (   2,  20), (  10,  28), (  26,   7), (  29,  10), (  21,   2), (  16,  34), (   7,  25), (  11,  29), (   8,  26), (   5,  23), (   3,  21), (  28,   9), (  20,   1), (  34,  15), (  14,  32), (  33,  14), (  18,  36), (  24,   5), (  36,  17), (  17,  35), (  30,  11), (  35,  16), (  13,  31), (  25,   6)]