[(   1,   2), (   2,   3), (   3,   4), (   4,   5), (   5,   6), (   6,   7), (   7,   8), (   8,   9), (   9,  10), (  10,  11), (  11,  12), (  12,  13), (  13,  14), (  14,  15), (  15,  16), (  16,  17), (  17,  18), (  18,  19), (  19,  20), (  20,  21), (  21,  22), (  22,  23), (  23,  24), (  24,  25), (  25,  26), (  26,  27), (  27,  28), (  28,  29), (  29,  30), (  30,  31), (  31,  32), (  32,  33), (  33,  34), (  34,  35), (  35,  36)]
[(  18,  20), (  10,  12), (  23,  25), (  15,  17), (  36,   1), (  17,  19), (  33,  35), (  20,  22), (  25,  27), (  31,  33), (  32,  34), (  24,  26), (  29,  31), (   9,  11), (   6,   8), (   7,   9), (   5,   7), (  12,  14), (  22,  24), (   3,   5), (  30,  32), (  19,  21), (   2,   4), (  27,  29), (   4,   6), (  13,  15), (  14,  16), (  11,  13), (  21,  23), (  16,  18), (  34,  36), (   8,  10), (   1,   3), (  28,  30), (  26,  28)]
[(  27,  30), (  14,  17), (  29,  32), (  33,  36), (  17,  20), (  30,  33), (   9,  12), (  28,  31), (  23,  26), (  36,   2), (  19,  22), (   8,  11), (   3,   6), (   4,   7), (  35,   1), (  25,  28), (  11,  14), (  22,  25), (   1,   4), (   7,  10), (  16,  19), (  31,  34), (   6,   9), (  20,  23), (  24,  27), (  21,  24), (  15,  18), (  32,  35), (  13,  16), (  10,  13), (   5,   8), (   2,   5), (  26,  29), (  12,  15), (  18,  21)]
[(  24,  28), (  31,  35), (   6,  10), (   3,   7), (  35,   2), (   4,   8), (  36,   3), (  25,  29), (   2,   6), (  21,  25), (  13,  17), (  23,  27), (   7,  11), (  30,  34), (  10,  14), (   8,  12), (  27,  31), (  17,  21), (  26,  30), (  34,   1), (   9,  13), (  29,  33), (  11,  15), (  14,  18), (  32,  36), (  28,  32), (  20,  24), (  22,  26), (   5,   9), (   1,   5), (  19,  23), (  15,  19), (  18,  22), (  16,  20), (  12,  16)]
[(  21,  26), (  13,  18), (  17,  22), (  16,  21), (  24,  29), (  23,  28), (  14,  19), (  36,   4), (  15,  20), (  27,  32), (  25,  30), (  30,  35), (  12,  17), (  18,  23), (  34,   2), (  35,   3), (   1,   6), (  10,  15), (   7,  12), (   6,  11), (  33,   1), (  11,  16), (   8,  13), (   5,  10), (   2,   7), (  29,  34), (   3,   8), (  19,  24), (  22,  27), (  28,  33), (  20,  25), (  31,  36), (   4,   9), (  26,  31), (   9,  14)]
[(   8,  14), (  28,  34), (  27,  33), (  18,  24), (  34,   3), (  15,  21), (   5,  11), (  26,  32), (  12,  18), (   7,  13), (   2,   8), (  14,  20), (  10,  16), (  19,  25), (  22,  28), (   4,  10), (   9,  15), (  30,  36), (  21,  27), (  29,  35), (  23,  29), (  32,   1), (  25,  31), (  13,  19), (  16,  22), (  17,  23), (   1,   7), (   6,  12), (  20,  26), (  11,  17), (   3,   9), (  35,   4), (  24,  30), (  36,   5), (  33,   2)]
[(   9,  16), (  22,  29), (   8,  15), (  23,  30), (  15,  22), (  27,  34), (  25,  32), (  14,  21), (  24,  31), (  16,  23), (  35,   5), (  36,   6), (  34,   4), (  33,   3), (  17,  24), (  20,  27), (  29,  36), (  28,  35), (   3,  10), (  26,  33), (   5,  12), (   7,  14), (  21,  28), (   1,   8), (  11,  18), (  18,  25), (  32,   2), (  31,   1), (  12,  19), (  19,  26), (   6,  13), (  13,  20), (  10,  17), (   2,   9), (   4,  11)]
[(   7,  15), (  25,  33), (  16,  24), (  20,  28), (  33,   4), (   1,   9), (  23,  31), (  10,  18), (   5,  13), (  30,   1), (  15,  23), (  31,   2), (  24,  32), (  13,  21), (  32,   3), (  21,  29), (  12,  20), (   3,  11), (  28,  36), (  14,  22), (   6,  14), (  18,  26), (  34,   5), (  36,   7), (   9,  17), (  35,   6), (  26,  34), (  17,  25), (   2,  10), (  27,  35), (   4,  12), (  22,  30), (   8,  16), (  11,  19), (  19,  27)]
[(  32,   4), (  36,   8), (  35,   7), (   1,  10), (  12,  21), (  11,  20), (   4,  13), (  33,   5), (   7,  16), (  15,  24), (  29,   1), (  25,  34), (  18,  27), (  17,  26), (  20,  29), (  22,  31), (  21,  30), (  34,   6), (  14,  23), (   9,  18), (   2,  11), (  30,   2), (  10,  19), (  31,   3), (   5,  14), (   3,  12), (  13,  22), (  27,  36), (  24,  33), (   6,  15), (  26,  35), (  16,  25), (  19,  28), (  23,  32), (   8,  17)]
[(  33,   6), (  20,  30), (  18,  28), (  19,  29), (  13,  23), (   3,  13), (  17,  27), (   6,  16), (  30,   3), (   8,  18), (  36,   9), (   9,  19), (  23,  33), (  29,   2), (  21,  31), (  26,  36), (  22,  32), (  32,   5), (   5,  15), (  15,  25), (  25,  35), (  35,   8), (  12,  22), (  16,  26), (  28,   1), (   1,  11), (  11,  21), (  34,   7), (  31,   4), (   4,  14), (  14,  24), (  24,  34), (   2,  12), (   7,  17), (  10,  20)]
[(  11,  22), (   4,  15), (   1,  12), (  34,   8), (   8,  19), (  31,   5), (  15,  26), (  12,  23), (  21,  32), (  35,   9), (  16,  27), (   5,  16), (  19,  30), (  20,  31), (  33,   7), (  32,   6), (  24,  35), (  13,  24), (   2,  13), (  28,   2), (  17,  28), (   6,  17), (  27,   1), (  30,   4), (  10,  21), (  36,  10), (  25,  36), (   9,  20), (   3,  14), (  29,   3), (  18,  29), (   7,  18), (  14,  25), (  22,  33), (  23,  34)]
[(  23,  35), (  11,  23), (  34,   9), (  27,   2), (  16,  28), (  24,  36), (  18,  30), (   7,  19), (  29,   4), (  17,  29), (  14,  26), (  21,  33), (  26,   1), (  35,  10), (  13,  25), (   1,  13), (  28,   3), (  33,   8), (  31,   6), (  12,  24), (  15,  27), (   3,  15), (  20,  32), (  22,  34), (  19,  31), (   4,  16), (   5,  17), (   2,  14), (  32,   7), (   8,  20), (  10,  22), (   9,  21), (  36,  11), (   6,  18), (  30,   5)]
[(  29,   5), (  19,  32), (  13,  26), (   9,  22), (  18,  31), (  12,  25), (  16,  29), (  27,   3), (  22,  35), (   6,  19), (  28,   4), (   4,  17), (   8,  21), (  32,   8), (   5,  18), (  11,  24), (  10,  23), (  26,   2), (  33,   9), (  23,  36), (  34,  10), (  36,  12), (  17,  30), (   2,  15), (  20,  33), (  31,   7), (  30,   6), (   3,  16), (  35,  11), (  21,  34), (  15,  28), (  14,  27), (   7,  20), (   1,  14), (  25,   1)]
[(  36,  13), (   7,  21), (   5,  19), (  12,  26), (  30,   7), (  18,  32), (  20,  34), (  24,   1), (  34,  11), (  14,  28), (   6,  20), (  15,  29), (  25,   2), (  28,   5), (   9,  23), (  19,  33), (   2,  16), (  27,   4), (  11,  25), (  17,  31), (  31,   8), (  10,  24), (  26,   3), (  32,   9), (  35,  12), (   8,  22), (  33,  10), (   4,  18), (   1,  15), (  22,  36), (  16,  30), (   3,  17), (  21,  35), (  13,  27), (  29,   6)]
[(  10,  25), (   1,  16), (  21,  36), (  35,  13), (  11,  26), (  14,  29), (  24,   2), (   2,  17), (  36,  14), (  34,  12), (  18,  33), (  32,  10), (  20,  35), (  12,  27), (  26,   4), (  15,  30), (  19,  34), (  16,  31), (  17,  32), (   4,  19), (   3,  18), (  13,  28), (  29,   7), (   6,  21), (  30,   8), (   5,  20), (  31,   9), (   8,  23), (  28,   6), (   9,  24), (  33,  11), (  23,   1), (  27,   5), (  25,   3), (   7,  22)]
[(   3,  19), (  27,   6), (  14,  30), (  32,  11), (   9,  25), (  10,  26), (   6,  22), (  34,  13), (  17,  33), (  26,   5), (  31,  10), (  28,   7), (  36,  15), (  22,   1), (  11,  27), (   2,  18), (  25,   4), (   7,  23), (  29,   8), (  16,  32), (  20,  36), (   4,  20), (  35,  14), (  33,  12), (  13,  29), (  30,   9), (  19,  35), (   5,  21), (  18,  34), (  23,   2), (   1,  17), (  12,  28), (  15,  31), (   8,  24), (  24,   3)]
[(  17,  34), (   9,  26), (  31,  11), (  14,  31), (  10,  27), (  22,   2), (  21,   1), (  35,  15), (  28,   8), (   3,  20), (   7,  24), (   1,  18), (   5,  22), (  36,  16), (  19,  36), (  34,  14), (  33,  13), (  29,   9), (  18,  35), (  13,  30), (  24,   4), (  25,   5), (  16,  33), (  11,  28), (  23,   3), (   2,  19), (  12,  29), (  30,  10), (   8,  25), (  32,  12), (  27,   7), (  26,   6), (   6,  23), (   4,  21), (  15,  32)]
[(  31,  12), (  24,   5), (   2,  20), (  25,   6), (  14,  32), (  35,  16), (  10,  28), (  30,  11), (   1,  19), (   4,  22), (   3,  21), (  22,   3), (  28,   9), (   6,  24), (  12,  30), (   5,  23), (   8,  26), (  20,   1), (  16,  34), (  27,   8), (  26,   7), (   9,  27), (  18,  36), (  17,  35), (  34,  15), (  33,  14), (  23,   4), (  15,  33), (  36,  17), (   7,  25), (  21,   2), (  11,  29), (  32,  13), (  29,  10), (  13,  31)]