[(   1,   2), (   2,   3), (   3,   4), (   4,   5), (   5,   6), (   6,   7), (   7,   8), (   8,   9), (   9,  10), (  10,  11), (  11,  12), (  12,  13), (  13,  14), (  14,  15), (  15,  16), (  16,  17), (  17,  18), (  18,  19), (  19,  20), (  20,  21), (  21,  22), (  22,  23), (  23,  24), (  24,  25), (  25,  26), (  26,  27), (  27,  28)]
[(  14,  16), (   4,   6), (  12,  14), (   8,  10), (  10,  12), (   9,  11), (  11,  13), (  13,  15), (  21,  23), (  20,  22), (   5,   7), (   1,   3), (  24,  26), (  28,   1), (  25,  27), (  26,  28), (  22,  24), (   7,   9), (   6,   8), (   2,   4), (  16,  18), (  18,  20), (  17,  19), (  19,  21), (  15,  17), (  23,  25), (   3,   5)]
[(  23,  26), (  15,  18), (  20,  23), (  22,  25), (  17,  20), (  14,  17), (   2,   5), (   3,   6), (  27,   1), (  18,  21), (   1,   4), (  16,  19), (   5,   8), (  21,  24), (   7,  10), (  10,  13), (  25,  28), (   8,  11), (  28,   2), (  19,  22), (  24,  27), (  12,  15), (   9,  12), (   4,   7), (   6,   9), (  11,  14), (  13,  16)]
[(   3,   7), (  16,  20), (   7,  11), (  20,  24), (  14,  18), (   8,  12), (  26,   1), (  21,  25), (  12,  16), (   1,   5), (  15,  19), (   6,  10), (  27,   2), (  22,  26), (   4,   8), (  19,  23), (  10,  14), (  24,  28), (  13,  17), (  23,  27), (  28,   3), (  17,  21), (  11,  15), (   5,   9), (  18,  22), (   9,  13), (   2,   6)]
[(  17,  22), (   9,  14), (  25,   1), (  16,  21), (  23,  28), (  20,  25), (  18,  23), (   5,  10), (  14,  19), (  26,   2), (  21,  26), (  22,  27), (  11,  16), (   7,  12), (  13,  18), (   2,   7), (   3,   8), (  27,   3), (  10,  15), (  12,  17), (   6,  11), (   4,   9), (   1,   6), (   8,  13), (  28,   4), (  15,  20), (  19,  24)]
[(   6,  12), (  28,   5), (   2,   8), (  12,  18), (  25,   2), (  18,  24), (  10,  16), (  20,  26), (  22,  28), (   7,  13), (   8,  14), (   9,  15), (  17,  23), (  19,  25), (  26,   3), (  14,  20), (  15,  21), (  16,  22), (   1,   7), (   3,   9), (  13,  19), (   5,  11), (  27,   4), (  11,  17), (  21,  27), (  24,   1), (   4,  10)]
[(  27,   5), (  17,  24), (  21,  28), (  23,   1), (   8,  15), (  19,  26), (  20,  27), (  11,  18), (   6,  13), (  12,  19), (   9,  16), (  26,   4), (  15,  22), (   4,  11), (  24,   2), (  25,   3), (  13,  20), (  10,  17), (  16,  23), (   7,  14), (   2,   9), (   3,  10), (  14,  21), (  28,   6), (   1,   8), (   5,  12), (  18,  25)]
[(  13,  21), (  19,  27), (  10,  18), (   7,  15), (  22,   1), (   5,  13), (   6,  14), (  23,   2), (   3,  11), (  24,   3), (  20,  28), (  17,  25), (  25,   4), (  27,   6), (   9,  17), (   4,  12), (   1,   9), (  26,   5), (  18,  26), (   8,  16), (  15,  23), (  16,  24), (  28,   7), (  14,  22), (  11,  19), (   2,  10), (  12,  20)]
[(  10,  19), (  13,  22), (  17,  26), (   2,  11), (   4,  13), (  23,   3), (  15,  24), (  19,  28), (  25,   5), (   8,  17), (  22,   2), (  28,   8), (   1,  10), (   9,  18), (  11,  20), (  21,   1), (  27,   7), (  12,  21), (  24,   4), (   6,  15), (   5,  14), (  26,   6), (  16,  25), (  18,  27), (   3,  12), (   7,  16), (  14,  23)]
[(  15,  25), (   1,  11), (   6,  16), (  28,   9), (  16,  26), (  21,   2), (  22,   3), (   4,  14), (   8,  18), (  25,   6), (  17,  27), (  14,  24), (   9,  19), (  10,  20), (  12,  22), (   5,  15), (   2,  12), (  23,   4), (  11,  21), (  24,   5), (  26,   7), (  27,   8), (   3,  13), (  20,   1), (  13,  23), (  18,  28), (   7,  17)]
[(   9,  20), (  10,  21), (  13,  24), (   6,  17), (  21,   3), (  22,   4), (  17,  28), (  16,  27), (  15,  26), (   4,  15), (  24,   6), (  20,   2), (   7,  18), (   2,  13), (  19,   1), (  27,   9), (  23,   5), (  14,  25), (   3,  14), (  28,  10), (   1,  12), (  25,   7), (  26,   8), (  12,  23), (   5,  16), (   8,  19), (  11,  22)]
[(  28,  11), (  25,   8), (  15,  27), (  14,  26), (   7,  19), (  27,  10), (   9,  21), (  12,  24), (  24,   7), (  16,  28), (  13,  25), (  11,  23), (  20,   3), (   5,  17), (  23,   6), (   6,  18), (   4,  16), (   1,  13), (  22,   5), (  18,   1), (   8,  20), (  19,   2), (  10,  22), (   3,  15), (   2,  14), (  21,   4), (  26,   9)]
[(  24,   8), (  23,   7), (   9,  22), (  19,   3), (  27,  11), (  15,  28), (  12,  25), (  17,   1), (  20,   4), (  14,  27), (  10,  23), (   5,  18), (  28,  12), (   3,  16), (  21,   5), (  11,  24), (   6,  19), (   2,  15), (  25,   9), (  13,  26), (   4,  17), (   1,  14), (  18,   2), (  26,  10), (   7,  20), (  22,   6), (   8,  21)]
[(   4,  18), (  12,  26), (   5,  19), (  13,  27), (  24,   9), (  16,   1), (  19,   4), (  22,   7), (  17,   2), (   9,  23), (  18,   3), (   7,  21), (  21,   6), (  23,   8), (  14,  28), (   8,  22), (  26,  11), (   6,  20), (  27,  12), (  11,  25), (  25,  10), (  28,  13), (  20,   5), (   2,  16), (  10,  24), (   3,  17), (   1,  15)]