[(   1,   2), (   2,   3), (   3,   4), (   4,   5), (   5,   6), (   6,   7), (   7,   8), (   8,   9), (   9,  10), (  10,  11), (  11,  12), (  12,  13), (  13,  14), (  14,  15), (  15,  16), (  16,  17), (  17,  18), (  18,  19), (  19,  20), (  20,  21), (  21,  22), (  22,  23), (  23,  24), (  24,  25), (  25,  26), (  26,  27), (  27,  28)]
[(  26,  28), (   8,  10), (  20,  22), (  23,  25), (  18,  20), (  15,  17), (   9,  11), (  21,  23), (  17,  19), (  28,   1), (   5,   7), (   2,   4), (  25,  27), (  19,  21), (  11,  13), (  13,  15), (   7,   9), (  14,  16), (  22,  24), (  12,  14), (  24,  26), (   4,   6), (  10,  12), (  16,  18), (   3,   5), (   6,   8), (   1,   3)]
[(  10,  13), (  21,  24), (   9,  12), (  11,  14), (  12,  15), (   8,  11), (  28,   2), (  17,  20), (   3,   6), (  13,  16), (  22,  25), (  27,   1), (  23,  26), (   6,   9), (   2,   5), (   5,   8), (  25,  28), (  24,  27), (  14,  17), (   1,   4), (   7,  10), (  15,  18), (  18,  21), (  20,  23), (  19,  22), (   4,   7), (  16,  19)]
[(  21,  25), (  18,  22), (  24,  28), (  17,  21), (   9,  13), (   1,   5), (  26,   1), (  22,  26), (  11,  15), (  14,  18), (  10,  14), (  16,  20), (   2,   6), (  13,  17), (  23,  27), (  19,  23), (  15,  19), (   6,  10), (   3,   7), (  27,   2), (  28,   3), (   8,  12), (   7,  11), (   5,   9), (  12,  16), (  20,  24), (   4,   8)]
[(  19,  24), (  20,  25), (  16,  21), (  22,  27), (  21,  26), (  23,  28), (  18,  23), (  13,  18), (  28,   4), (   3,   8), (  27,   3), (  14,  19), (  17,  22), (  25,   1), (   7,  12), (   2,   7), (  26,   2), (   4,   9), (   1,   6), (  10,  15), (   6,  11), (  11,  16), (   9,  14), (   8,  13), (  15,  20), (  12,  17), (   5,  10)]
[(  17,  23), (   9,  15), (   1,   7), (   2,   8), (  27,   4), (  16,  22), (  10,  16), (   4,  10), (  24,   1), (  21,  27), (  15,  21), (  28,   5), (   3,   9), (  12,  18), (  20,  26), (  14,  20), (   8,  14), (  22,  28), (   5,  11), (   7,  13), (  13,  19), (  25,   2), (  26,   3), (  11,  17), (  18,  24), (  19,  25), (   6,  12)]
[(   7,  14), (  28,   6), (  11,  18), (   6,  13), (  23,   1), (  13,  20), (  20,  27), (  27,   5), (  14,  21), (  12,  19), (  19,  26), (  10,  17), (   4,  11), (  24,   2), (  18,  25), (  25,   3), (   3,  10), (   5,  12), (  16,  23), (  17,  24), (   2,   9), (  21,  28), (   8,  15), (  26,   4), (   1,   8), (   9,  16), (  15,  22)]
[(   4,  12), (  11,  19), (   5,  13), (  18,  26), (  16,  24), (  19,  27), (  14,  22), (  24,   3), (  23,   2), (  25,   4), (   1,   9), (  15,  23), (   8,  16), (  28,   7), (   6,  14), (  27,   6), (  22,   1), (  13,  21), (   2,  10), (   3,  11), (  12,  20), (  26,   5), (  20,  28), (   7,  15), (   9,  17), (  10,  18), (  17,  25)]
[(  11,  20), (   4,  13), (  14,  23), (   7,  16), (  28,   8), (  24,   4), (  15,  24), (   6,  15), (  13,  22), (  17,  26), (   8,  17), (  26,   6), (  19,  28), (  23,   3), (   1,  10), (  21,   1), (  12,  21), (   2,  11), (  18,  27), (  16,  25), (   5,  14), (  10,  19), (  25,   5), (   3,  12), (  27,   7), (  22,   2), (   9,  18)]
[(   5,  15), (  26,   7), (  25,   6), (   9,  19), (   7,  17), (   2,  12), (   3,  13), (   1,  11), (  16,  26), (  24,   5), (  23,   4), (   8,  18), (  10,  20), (  27,   8), (  22,   3), (  12,  22), (  13,  23), (  20,   1), (  28,   9), (  18,  28), (  15,  25), (  17,  27), (   6,  16), (  21,   2), (   4,  14), (  11,  21), (  14,  24)]
[(  27,   9), (  12,  23), (   8,  19), (   1,  12), (  11,  22), (  10,  21), (   6,  17), (  14,  25), (  25,   7), (   9,  20), (  13,  24), (  21,   3), (   7,  18), (   5,  16), (  17,  28), (  28,  10), (  24,   6), (  15,  26), (   4,  15), (  26,   8), (  16,  27), (   3,  14), (  22,   4), (  19,   1), (   2,  13), (  23,   5), (  20,   2)]
[(   6,  18), (   5,  17), (  15,  27), (  20,   3), (   2,  14), (  14,  26), (  21,   4), (   7,  19), (   8,  20), (  23,   6), (  16,  28), (  24,   7), (  12,  24), (  10,  22), (   9,  21), (  26,   9), (   4,  16), (  25,   8), (  13,  25), (  22,   5), (  18,   1), (   1,  13), (  19,   2), (  27,  10), (  28,  11), (   3,  15), (  11,  23)]
[(   3,  16), (  14,  27), (  26,  10), (  15,  28), (  19,   3), (  25,   9), (  12,  25), (  28,  12), (   5,  18), (   2,  15), (  18,   2), (   9,  22), (  21,   5), (  20,   4), (  24,   8), (  11,  24), (  27,  11), (  23,   7), (   8,  21), (   6,  19), (   4,  17), (   7,  20), (  17,   1), (  22,   6), (  10,  23), (   1,  14), (  13,  26)]
[(   8,  22), (  16,   1), (  17,   2), (  10,  24), (  25,  10), (  18,   3), (   5,  19), (   2,  16), (  27,  12), (  22,   7), (   6,  20), (  11,  25), (   1,  15), (  26,  11), (  19,   4), (   4,  18), (  20,   5), (   3,  17), (  12,  26), (   9,  23), (  23,   8), (  24,   9), (  13,  27), (  14,  28), (  21,   6), (  28,  13), (   7,  21)]