[(   1,   2), (   2,   3), (   3,   4), (   4,   5), (   5,   6), (   6,   7), (   7,   8), (   8,   9), (   9,  10), (  10,  11), (  11,  12), (  12,  13), (  13,  14), (  14,  15), (  15,  16), (  16,  17), (  17,  18), (  18,  19), (  19,  20), (  20,  21), (  21,  22), (  22,  23), (  23,  24), (  24,  25), (  25,  26), (  26,  27), (  27,  28)]
[(  25,  27), (   4,   6), (  12,  14), (   8,  10), (  10,  12), (   9,  11), (   2,   4), (  14,  16), (  21,  23), (  20,  22), (   5,   7), (  26,  28), (  24,  26), (  16,  18), (   3,   5), (  28,   1), (  22,  24), (   7,   9), (   6,   8), (  13,  15), (  11,  13), (  18,  20), (  17,  19), (  19,  21), (  15,  17), (  23,  25), (   1,   3)]
[(  13,  16), (  15,  18), (  20,  23), (  22,  25), (  17,  20), (  14,  17), (  16,  19), (  21,  24), (  27,   1), (  18,  21), (   1,   4), (  24,  27), (   7,  10), (   2,   5), (  19,  22), (   3,   6), (  25,  28), (   8,  11), (  28,   2), (   5,   8), (  23,  26), (  12,  15), (   9,  12), (   4,   7), (   6,   9), (  11,  14), (  10,  13)]
[(   6,  10), (  16,  20), (   7,  11), (  20,  24), (  14,  18), (   8,  12), (  28,   3), (  22,  26), (  12,  16), (   1,   5), (  15,  19), (  19,  23), (   2,   6), (  26,   1), (  23,  27), (  27,   2), (  10,  14), (  24,  28), (  13,  17), (   3,   7), (   4,   8), (  17,  21), (  11,  15), (   5,   9), (  18,  22), (   9,  13), (  21,  25)]
[(  18,  23), (   9,  14), (  25,   1), (  16,  21), (  23,  28), (  20,  25), (  22,  27), (  13,  18), (  14,  19), (  26,   2), (  21,  26), (   6,  11), (  17,  22), (  19,  24), (   7,  12), (   5,  10), (   3,   8), (  27,   3), (  10,  15), (  11,  16), (   2,   7), (   4,   9), (   1,   6), (   8,  13), (  28,   4), (  15,  20), (  12,  17)]
[(  26,   3), (  28,   5), (   2,   8), (  12,  18), (  25,   2), (  18,  24), (  17,  23), (   4,  10), (  22,  28), (   7,  13), (   8,  14), (  10,  16), (   3,   9), (   6,  12), (  20,  26), (  13,  19), (  15,  21), (  16,  22), (   1,   7), (  19,  25), (   9,  15), (   5,  11), (  27,   4), (  11,  17), (  21,  27), (  24,   1), (  14,  20)]
[(  15,  22), (  17,  24), (  21,  28), (  23,   1), (   8,  15), (  19,  26), (  11,  18), (  27,   5), (   6,  13), (  12,  19), (   9,  16), (   7,  14), (   4,  11), (  25,   3), (  18,  25), (  26,   4), (  13,  20), (  10,  17), (  16,  23), (  24,   2), (  20,  27), (   3,  10), (  14,  21), (  28,   6), (   1,   8), (   5,  12), (   2,   9)]
[(   4,  12), (  19,  27), (  10,  18), (   7,  15), (  22,   1), (   5,  13), (   6,  14), (  23,   2), (   3,  11), (  24,   3), (  20,  28), (  25,   4), (  12,  20), (  13,  21), (   9,  17), (  15,  23), (   1,   9), (  26,   5), (  18,  26), (  27,   6), (  17,  25), (  16,  24), (  28,   7), (  14,  22), (  11,  19), (   2,  10), (   8,  16)]
[(   5,  14), (  13,  22), (  17,  26), (   2,  11), (   4,  13), (  23,   3), (  21,   1), (   6,  15), (  25,   5), (   8,  17), (  22,   2), (   9,  18), (  19,  28), (  28,   8), (   1,  10), (  11,  20), (  27,   7), (  12,  21), (  24,   4), (  14,  23), (  10,  19), (  26,   6), (  16,  25), (  18,  27), (   3,  12), (   7,  16), (  15,  24)]
[(   9,  19), (   1,  11), (   6,  16), (  28,   9), (  16,  26), (  21,   2), (   5,  15), (   7,  17), (   8,  18), (  25,   6), (  17,  27), (  22,   3), (  15,  25), (  10,  20), (   4,  14), (  14,  24), (   2,  12), (  23,   4), (  11,  21), (  12,  22), (  24,   5), (  27,   8), (   3,  13), (  20,   1), (  13,  23), (  18,  28), (  26,   7)]
[(  17,  28), (  10,  21), (  13,  24), (   6,  17), (  21,   3), (  22,   4), (   9,  20), (  19,   1), (  15,  26), (   4,  15), (  24,   6), (  20,   2), (  16,  27), (  27,   9), (   2,  13), (   7,  18), (  23,   5), (  14,  25), (   3,  14), (  28,  10), (   1,  12), (  25,   7), (  26,   8), (  12,  23), (   5,  16), (   8,  19), (  11,  22)]
[(   8,  20), (  25,   8), (  15,  27), (  14,  26), (   7,  19), (  27,  10), (  12,  24), (  20,   3), (  24,   7), (  16,  28), (  13,  25), (   5,  17), (  18,   1), (  11,  23), (  28,  11), (   9,  21), (   4,  16), (   1,  13), (  22,   5), (  26,   9), (   6,  18), (  19,   2), (  10,  22), (   3,  15), (   2,  14), (  21,   4), (  23,   6)]
[(  11,  24), (  23,   7), (   9,  22), (  19,   3), (  27,  11), (  15,  28), (  13,  26), (  28,  12), (  20,   4), (  14,  27), (  10,  23), (   8,  21), (  21,   5), (   4,  17), (  24,   8), (  12,  25), (   6,  19), (   2,  15), (  25,   9), (  17,   1), (   3,  16), (   1,  14), (  18,   2), (  26,  10), (   7,  20), (  22,   6), (   5,  18)]
[(   7,  21), (  12,  26), (   5,  19), (  13,  27), (  24,   9), (  16,   1), (  25,  10), (  11,  25), (  17,   2), (   9,  23), (  18,   3), (   1,  15), (  23,   8), (  22,   7), (  21,   6), (   8,  22), (  26,  11), (   6,  20), (  27,  12), (   4,  18), (  14,  28), (  28,  13), (  20,   5), (   2,  16), (  10,  24), (   3,  17), (  19,   4)]