[(   1,   2), (   2,   3), (   3,   4), (   4,   5), (   5,   6), (   6,   7), (   7,   8), (   8,   9), (   9,  10), (  10,  11), (  11,  12), (  12,  13), (  13,  14), (  14,  15), (  15,  16), (  16,  17), (  17,  18), (  18,  19), (  19,  20), (  20,  21), (  21,  22), (  22,  23), (  23,  24), (  24,  25), (  25,  26), (  26,  27), (  27,  28), (  28,  29), (  29,  30), (  30,  31), (  31,  32), (  32,  33), (  33,  34), (  34,  35), (  35,  36), (  36,  37), (  37,  38)]
[(   3,   5), (  30,  32), (  13,  15), (   9,  11), (  16,  18), (  31,  33), (  14,  16), (  25,  27), (  33,  35), (   5,   7), (  18,  20), (   2,   4), (  20,  22), (   8,  10), (  10,  12), (  11,  13), (   1,   3), (  22,  24), (  38,   1), (  15,  17), (  36,  38), (  28,  30), (  27,  29), (  29,  31), (  17,  19), (  35,  37), (  19,  21), (  32,  34), (   4,   6), (  12,  14), (  23,  25), (   6,   8), (  21,  23), (  26,  28), (  24,  26), (   7,   9), (  34,  36)]
[(  13,  16), (  37,   1), (  29,  32), (  31,  34), (   1,   4), (  19,  22), (  30,  33), (  28,  31), (  16,  19), (  24,  27), (   4,   7), (  11,  14), (   3,   6), (  21,  24), (  26,  29), (  27,  30), (  22,  25), (   2,   5), (  18,  21), (  34,  37), (  14,  17), (   9,  12), (  10,  13), (  15,  18), (  33,  36), (  25,  28), (  32,  35), (  12,  15), (  20,  23), (   8,  11), (   6,   9), (  17,  20), (  35,  38), (   5,   8), (   7,  10), (  38,   2), (  23,  26)]
[(  33,  37), (  20,  24), (  31,  35), (  10,  14), (  11,  15), (   9,  13), (  13,  17), (  12,  16), (  14,  18), (  28,  32), (  27,  31), (   6,  10), (  34,  38), (  18,  22), (  32,  36), (  19,  23), (  30,  34), (  36,   1), (  37,   2), (  38,   3), (   5,   9), (  16,  20), (   3,   7), (  17,  21), (   1,   5), (  29,  33), (   8,  12), (   7,  11), (  21,  25), (  23,  27), (  22,  26), (  26,  30), (  24,  28), (  25,  29), (   4,   8), (  15,  19), (   2,   6)]
[(  30,  35), (  22,  27), (  25,  30), (  20,  25), (  28,  33), (  37,   3), (  23,  28), (  10,  15), (  27,  32), (  38,   4), (   5,  10), (  33,  38), (  32,  37), (  31,  36), (  18,  23), (  26,  31), (  15,  20), (  21,  26), (  17,  22), (  13,  18), (  19,  24), (   3,   8), (  16,  21), (   8,  13), (   2,   7), (   1,   6), (  29,  34), (  35,   1), (   7,  12), (  24,  29), (  11,  16), (  36,   2), (   6,  11), (  14,  19), (   9,  14), (  12,  17), (   4,   9)]
[(  28,  34), (  13,  19), (  11,  17), (  23,  29), (  17,  23), (  14,  20), (  15,  21), (  34,   1), (  37,   4), (  30,  36), (  32,  38), (  26,  32), (  24,  30), (   6,  12), (   2,   8), (  12,  18), (  29,  35), (   8,  14), (  36,   3), (  25,  31), (   4,  10), (  21,  27), (  31,  37), (  27,  33), (   9,  15), (   7,  13), (   1,   7), (   3,   9), (  35,   2), (  38,   5), (  18,  24), (  19,  25), (  16,  22), (  10,  16), (  22,  28), (  20,  26), (   5,  11)]
[(  14,  21), (  11,  18), (  38,   6), (  12,  19), (   7,  14), (  23,  30), (  37,   5), (  30,  37), (  29,  36), (   1,   8), (  17,  24), (   8,  15), (  10,  17), (  20,  27), (   6,  13), (  28,  35), (   5,  12), (  35,   3), (  16,  23), (  36,   4), (  27,  34), (   4,  11), (  26,  33), (  19,  26), (  22,  29), (  24,  31), (  15,  22), (  31,  38), (   3,  10), (   2,   9), (  34,   2), (   9,  16), (  25,  32), (  13,  20), (  33,   1), (  21,  28), (  18,  25)]
[(  10,  18), (  25,  33), (  19,  27), (  38,   7), (  24,  32), (   8,  16), (   2,  10), (  13,  21), (  30,  38), (  17,  25), (  28,  36), (  27,  35), (  11,  19), (   5,  13), (  22,  30), (  36,   5), (  37,   6), (  15,  23), (  35,   4), (  16,  24), (  33,   2), (  26,  34), (   9,  17), (  34,   3), (  20,  28), (   4,  12), (   3,  11), (  14,  22), (   1,   9), (  18,  26), (  29,  37), (  23,  31), (   7,  15), (  32,   1), (  12,  20), (   6,  14), (  21,  29)]
[(  22,  31), (  38,   8), (  37,   7), (  27,  36), (  10,  19), (  29,  38), (  36,   6), (  17,  26), (  11,  20), (   9,  18), (  14,  23), (  25,  34), (  18,  27), (  28,  37), (  35,   5), (   6,  15), (   7,  16), (   4,  13), (  15,  24), (  26,  35), (  23,  32), (  24,  33), (  34,   4), (   2,  11), (  12,  21), (   5,  14), (  16,  25), (  21,  30), (  19,  28), (  13,  22), (  33,   3), (   1,  10), (  20,  29), (   3,  12), (  32,   2), (  31,   1), (   8,  17)]
[(  38,   9), (  36,   7), (   2,  12), (   6,  16), (  20,  30), (  18,  28), (  22,  32), (  33,   4), (  24,  34), (  16,  26), (  15,  25), (  21,  31), (  31,   2), (   1,  11), (  17,  27), (   4,  14), (  26,  36), (  10,  20), (  34,   5), (  19,  29), (   3,  13), (  25,  35), (  12,  22), (  28,  38), (  37,   8), (   8,  18), (  14,  24), (  13,  23), (   5,  15), (  35,   6), (   7,  17), (  11,  21), (   9,  19), (  23,  33), (  27,  37), (  32,   3), (  30,   1)]
[(  12,  23), (  17,  28), (  22,  33), (  26,  37), (  25,  36), (  21,  32), (  29,   1), (  24,  35), (  15,  26), (  20,  31), (  34,   6), (  19,  30), (  35,   7), (  23,  34), (  31,   3), (  37,   9), (  10,  21), (  27,  38), (  14,  25), (   1,  12), (  18,  29), (   2,  13), (  36,   8), (   5,  16), (  32,   4), (   9,  20), (  33,   5), (   8,  19), (  13,  24), (   4,  15), (  38,  10), (   7,  18), (   3,  14), (  30,   2), (   6,  17), (  11,  22), (  16,  27)]
[(   8,  20), (   4,  16), (  14,  26), (  21,  33), (  29,   2), (   5,  17), (  12,  24), (  38,  11), (   1,  13), (   3,  15), (  35,   8), (  17,  29), (   9,  21), (  30,   3), (  34,   7), (  20,  32), (  11,  23), (  25,  37), (  33,   6), (   2,  14), (  16,  28), (   7,  19), (  32,   5), (  36,   9), (  18,  30), (  10,  22), (  31,   4), (  24,  36), (  26,  38), (  28,   1), (  15,  27), (  22,  34), (  37,  10), (   6,  18), (  13,  25), (  23,  35), (  19,  31)]
[(  11,  24), (  35,   9), (  21,  34), (  28,   2), (  38,  12), (  36,  10), (  25,  38), (   6,  19), (   8,  21), (  22,  35), (   3,  16), (   9,  22), (  16,  29), (  19,  32), (  24,  37), (  34,   8), (  14,  27), (  32,   6), (  13,  26), (  33,   7), (  12,  25), (  31,   5), (   2,  15), (   7,  20), (  10,  23), (  17,  30), (  23,  36), (   4,  17), (  18,  31), (  20,  33), (   1,  14), (  29,   3), (  27,   1), (  37,  11), (   5,  18), (  30,   4), (  15,  28)]
[(  15,  29), (  12,  26), (   9,  23), (   8,  22), (  21,  35), (  27,   2), (  20,  34), (  18,  32), (   3,  17), (  23,  37), (  19,  33), (  28,   3), (  26,   1), (  29,   4), (  14,  28), (  24,  38), (  33,   8), (  34,   9), (  32,   7), (  30,   5), (  31,   6), (   1,  15), (  11,  25), (  35,  10), (  38,  13), (  36,  11), (   6,  20), (   2,  16), (  22,  36), (   7,  21), (   5,  19), (  37,  12), (   4,  18), (  17,  31), (  16,  30), (  13,  27), (  10,  24)]
[(  17,  32), (  14,  29), (   5,  20), (  15,  30), (  22,  37), (  11,  26), (   3,  18), (  29,   5), (  31,   7), (   6,  21), (  26,   2), (   1,  16), (  36,  12), (  33,   9), (   4,  19), (  25,   1), (  28,   4), (  16,  31), (  12,  27), (   8,  23), (  35,  11), (  38,  14), (  20,  35), (  30,   6), (  27,   3), (  23,  38), (  37,  13), (  18,  33), (  32,   8), (  34,  10), (  21,  36), (  13,  28), (   2,  17), (   9,  24), (  19,  34), (  10,  25), (   7,  22)]
[(  27,   4), (   5,  21), (   8,  24), (   1,  17), (  26,   3), (  24,   1), (  19,  35), (   7,  23), (  12,  28), (  13,  29), (  21,  37), (  20,  36), (  28,   5), (  25,   2), (   9,  25), (  33,  10), (  32,   9), (  17,  33), (  31,   8), (   6,  22), (  30,   7), (  29,   6), (  14,  30), (  37,  14), (  34,  11), (   3,  19), (   2,  18), (  10,  26), (  11,  27), (  16,  32), (   4,  20), (  38,  15), (  36,  13), (  22,  38), (  15,  31), (  18,  34), (  35,  12)]
[(  19,  36), (   6,  23), (   1,  18), (  18,  35), (  31,   9), (  34,  12), (  26,   4), (  36,  14), (   5,  22), (   2,  19), (  13,  30), (   7,  24), (   8,  25), (  38,  16), (  33,  11), (  29,   7), (  24,   2), (  12,  29), (  11,  28), (  10,  27), (  37,  15), (  32,  10), (  28,   6), (  23,   1), (  14,  31), (  15,  32), (   9,  26), (  20,  37), (  17,  34), (  25,   3), (  35,  13), (  27,   5), (  30,   8), (   4,  21), (  21,  38), (  16,  33), (   3,  20)]
[(   7,  25), (  31,  10), (  10,  28), (  24,   3), (  34,  13), (  25,   4), (   9,  27), (   2,  20), (  23,   2), (  33,  12), (  22,   1), (   5,  23), (  15,  33), (  17,  35), (  20,  38), (   3,  21), (  13,  31), (  28,   7), (  30,   9), (  32,  11), (   8,  26), (  18,  36), (   1,  19), (   4,  22), (   6,  24), (  16,  34), (  38,  17), (  27,   6), (  37,  16), (  19,  37), (  12,  30), (  35,  14), (  26,   5), (  36,  15), (  11,  29), (  29,   8), (  14,  32)]
[(  26,   6), (  15,  34), (  36,  16), (  13,  32), (   8,  27), (  35,  15), (  31,  11), (   3,  22), (   6,  25), (  34,  14), (  29,   9), (  18,  37), (   4,  23), (   7,  26), (  21,   1), (  22,   2), (  19,  38), (  11,  30), (  10,  29), (   9,  28), (   1,  20), (  37,  17), (  38,  18), (  32,  12), (  16,  35), (   2,  21), (  30,  10), (  25,   5), (  14,  33), (  17,  36), (  28,   8), (  24,   4), (  12,  31), (  27,   7), (  23,   3), (   5,  24), (  33,  13)]