[(   1,   2), (   2,   3), (   3,   4), (   4,   5), (   5,   6), (   6,   7), (   7,   8), (   8,   9), (   9,  10), (  10,  11), (  11,  12), (  12,  13), (  13,  14), (  14,  15), (  15,  16), (  16,  17), (  17,  18), (  18,  19), (  19,  20), (  20,  21), (  21,  22), (  22,  23), (  23,  24), (  24,  25), (  25,  26)]
[(   5,   7), (   6,   8), (   7,   9), (  10,  12), (  21,  23), (  24,  26), (   2,   4), (  12,  14), (  16,  18), (  14,  16), (  17,  19), (  22,  24), (  26,   1), (   3,   5), (   8,  10), (  11,  13), (   9,  11), (  13,  15), (  23,  25), (   1,   3), (   4,   6), (  15,  17), (  18,  20), (  19,  21), (  20,  22)]
[(  18,  21), (   7,  10), (  11,  14), (  20,  23), (  14,  17), (   2,   5), (  21,  24), (  16,  19), (  19,  22), (   9,  12), (  26,   2), (  23,  26), (  12,  15), (   1,   4), (  25,   1), (  15,  18), (   5,   8), (   8,  11), (   3,   6), (  22,  25), (  10,  13), (   4,   7), (  13,  16), (  17,  20), (   6,   9)]
[(  22,  26), (  14,  18), (  18,  22), (  15,  19), (  11,  15), (  17,  21), (  10,  14), (  21,  25), (  24,   1), (   4,   8), (   3,   7), (   7,  11), (  25,   2), (  16,  20), (  20,  24), (  19,  23), (  26,   3), (   2,   6), (  13,  17), (   6,  10), (  12,  16), (   8,  12), (   5,   9), (   9,  13), (   1,   5)]
[(   8,  13), (  16,  21), (  21,  26), (  13,  18), (   3,   8), (  10,  15), (  23,   1), (  24,   2), (   2,   7), (  17,  22), (   4,   9), (  15,  20), (  11,  16), (   7,  12), (  18,  23), (   5,  10), (  20,  25), (  25,   3), (  26,   4), (  12,  17), (  19,  24), (   9,  14), (   1,   6), (   6,  11), (  14,  19)]
[(   3,   9), (  22,   1), (  10,  16), (   1,   7), (   7,  13), (  19,  25), (   9,  15), (   4,  10), (   5,  11), (  15,  21), (   8,  14), (  25,   4), (  24,   3), (  23,   2), (  13,  19), (   6,  12), (  16,  22), (  17,  23), (  12,  18), (   2,   8), (  14,  20), (  20,  26), (  11,  17), (  26,   5), (  18,  24)]
[(  16,  23), (  19,  26), (  12,  19), (  17,  24), (  24,   4), (   9,  16), (  13,  20), (  26,   6), (   6,  13), (  25,   5), (  15,  22), (   2,   9), (  10,  17), (  18,  25), (   5,  12), (  22,   2), (  14,  21), (  21,   1), (   7,  14), (  11,  18), (  23,   3), (   3,  10), (   8,  15), (   1,   8), (   4,  11)]
[(  11,  19), (   9,  17), (  25,   6), (  22,   3), (  18,  26), (  14,  22), (  17,  25), (   7,  15), (  15,  23), (  20,   1), (  16,  24), (   6,  14), (  23,   4), (  13,  21), (   3,  11), (  26,   7), (   4,  12), (  12,  20), (   2,  10), (   5,  13), (   1,   9), (  24,   5), (  21,   2), (  10,  18), (   8,  16)]
[(   6,  15), (   4,  13), (  20,   2), (   2,  11), (  19,   1), (  11,  20), (   3,  12), (  13,  22), (  17,  26), (  24,   6), (  23,   5), (  10,  19), (   9,  18), (   8,  17), (  22,   4), (  21,   3), (   1,  10), (   5,  14), (  15,  24), (   7,  16), (  26,   8), (  16,  25), (  25,   7), (  14,  23), (  12,  21)]
[(  10,  20), (  15,  25), (  13,  23), (   6,  16), (  12,  22), (   3,  13), (  16,  26), (  20,   3), (  21,   4), (  19,   2), (  18,   1), (   8,  18), (  22,   5), (   9,  19), (  26,   9), (  25,   8), (  23,   6), (  24,   7), (   1,  11), (  14,  24), (   5,  15), (  11,  21), (   4,  14), (   2,  12), (   7,  17)]
[(  14,  25), (  12,  23), (  24,   8), (  25,   9), (   9,  20), (   1,  12), (  11,  22), (  17,   1), (   3,  14), (  23,   7), (  10,  21), (  21,   5), (   8,  19), (  22,   6), (   6,  17), (  20,   4), (  13,  24), (  26,  10), (   5,  16), (  15,  26), (   7,  18), (  18,   2), (  19,   3), (   4,  15), (   2,  13)]
[(  12,  24), (  20,   5), (   5,  17), (  14,  26), (  25,  10), (  23,   8), (   6,  18), (  11,  23), (   8,  20), (  18,   3), (  13,  25), (  16,   1), (  21,   6), (  26,  11), (   2,  14), (  24,   9), (   7,  19), (   4,  16), (   9,  21), (  19,   4), (  17,   2), (   1,  13), (  10,  22), (  22,   7), (   3,  15)]
[(   4,  17), (  11,  24), (  15,   1), (   8,  21), (  16,   2), (  18,   4), (  19,   5), (   5,  18), (  12,  25), (  13,  26), (  20,   6), (  17,   3), (   7,  20), (  24,  10), (  21,   7), (   1,  14), (   2,  15), (   9,  22), (  22,   8), (  23,   9), (  25,  11), (   6,  19), (  26,  12), (   3,  16), (  10,  23)]