[(   1,   2), (   2,   3), (   3,   4), (   4,   5), (   5,   6), (   6,   7), (   7,   8), (   8,   9), (   9,  10), (  10,  11), (  11,  12), (  12,  13), (  13,  14), (  14,  15), (  15,  16), (  16,  17), (  17,  18), (  18,  19), (  19,  20), (  20,  21), (  21,  22), (  22,  23), (  23,  24), (  24,  25), (  25,  26)]
[(  11,  13), (  23,  25), (  19,  21), (   1,   3), (  12,  14), (  18,  20), (  22,  24), (  15,  17), (  21,  23), (   5,   7), (  17,  19), (   9,  11), (  26,   1), (  16,  18), (   8,  10), (  20,  22), (   4,   6), (  10,  12), (   3,   5), (   7,   9), (  13,  15), (  24,  26), (   6,   8), (   2,   4), (  14,  16)]
[(  17,  20), (   8,  11), (  14,  17), (  13,  16), (  20,  23), (  22,  25), (  18,  21), (  26,   2), (   1,   4), (  19,  22), (  21,  24), (  15,  18), (  12,  15), (   9,  12), (   3,   6), (   5,   8), (  23,  26), (  25,   1), (   6,   9), (   2,   5), (   4,   7), (  11,  14), (  10,  13), (  16,  19), (   7,  10)]
[(  19,  23), (  13,  17), (  16,  20), (  15,  19), (  26,   3), (  17,  21), (   5,   9), (  14,  18), (   3,   7), (  12,  16), (   2,   6), (   1,   5), (  25,   2), (  22,  26), (  21,  25), (  11,  15), (  20,  24), (   9,  13), (  18,  22), (   6,  10), (  24,   1), (   8,  12), (   7,  11), (  10,  14), (   4,   8)]
[(   3,   8), (   5,  10), (  24,   2), (  12,  17), (   4,   9), (   8,  13), (  26,   4), (   6,  11), (  15,  20), (   1,   6), (   9,  14), (   2,   7), (  11,  16), (  20,  25), (  13,  18), (  21,  26), (   7,  12), (  16,  21), (  23,   1), (  14,  19), (  18,  23), (  10,  15), (  25,   3), (  17,  22), (  19,  24)]
[(  15,  21), (  22,   1), (   5,  11), (  20,  26), (  10,  16), (   9,  15), (  17,  23), (  19,  25), (  13,  19), (  18,  24), (   7,  13), (  25,   4), (  24,   3), (  23,   2), (  14,  20), (   3,   9), (   8,  14), (   2,   8), (   4,  10), (  12,  18), (  11,  17), (   1,   7), (  16,  22), (  26,   5), (   6,  12)]
[(  25,   5), (  12,  19), (  26,   6), (   2,   9), (  15,  22), (   3,  10), (   6,  13), (  24,   4), (  11,  18), (  13,  20), (  16,  23), (  19,  26), (  10,  17), (   1,   8), (   4,  11), (   7,  14), (   9,  16), (  23,   3), (  14,  21), (  17,  24), (   5,  12), (  18,  25), (  21,   1), (   8,  15), (  22,   2)]
[(  10,  18), (  18,  26), (   7,  15), (  14,  22), (  21,   2), (  24,   5), (  11,  19), (  13,  21), (  17,  25), (  15,  23), (  20,   1), (  16,  24), (  23,   4), (   3,  11), (  26,   7), (   4,  12), (   2,  10), (   6,  14), (   8,  16), (  22,   3), (  25,   6), (   5,  13), (  12,  20), (   1,   9), (   9,  17)]
[(   7,  16), (   6,  15), (  13,  22), (  25,   7), (   8,  17), (   2,  11), (   3,  12), (   1,  10), (  24,   6), (  26,   8), (  22,   4), (  14,  23), (   9,  18), (   4,  13), (  23,   5), (  19,   1), (  21,   3), (  17,  26), (  15,  24), (  16,  25), (  10,  19), (  20,   2), (   5,  14), (  12,  21), (  11,  20)]
[(   4,  14), (  14,  24), (   8,  18), (  11,  21), (  18,   1), (  16,  26), (  10,  20), (  12,  22), (   2,  12), (  21,   4), (  25,   8), (  20,   3), (  22,   5), (  24,   7), (  19,   2), (  23,   6), (  15,  25), (   5,  15), (   7,  17), (   1,  11), (  26,   9), (   6,  16), (   9,  19), (   3,  13), (  13,  23)]
[(  22,   6), (   9,  20), (   1,  12), (  24,   8), (  13,  24), (  12,  23), (  14,  25), (  23,   7), (   5,  16), (  25,   9), (  26,  10), (   6,  17), (   8,  19), (  10,  21), (  17,   1), (  18,   2), (  11,  22), (  20,   4), (   2,  13), (   4,  15), (   3,  14), (  19,   3), (  15,  26), (   7,  18), (  21,   5)]
[(  24,   9), (   4,  16), (  25,  10), (   6,  18), (   7,  19), (  19,   4), (  16,   1), (  20,   5), (  14,  26), (   2,  14), (   3,  15), (  10,  22), (  21,   6), (   5,  17), (  12,  24), (  13,  25), (   1,  13), (  22,   7), (  26,  11), (  23,   8), (   8,  20), (   9,  21), (  17,   2), (  11,  23), (  18,   3)]
[(  26,  12), (  21,   7), (  23,   9), (  10,  23), (  25,  11), (   1,  14), (   2,  15), (   3,  16), (  22,   8), (  17,   3), (   5,  18), (   8,  21), (   7,  20), (   6,  19), (   9,  22), (  24,  10), (  19,   5), (  11,  24), (  12,  25), (  13,  26), (  16,   2), (   4,  17), (  18,   4), (  20,   6), (  15,   1)]