[(   1,   2), (   2,   3), (   3,   4), (   4,   5), (   5,   6), (   6,   7), (   7,   8), (   8,   9), (   9,  10), (  10,  11), (  11,  12), (  12,  13), (  13,  14), (  14,  15), (  15,  16), (  16,  17), (  17,  18), (  18,  19), (  19,  20), (  20,  21), (  21,  22), (  22,  23), (  23,  24), (  24,  25), (  25,  26)]
[(  12,  14), (  23,  25), (  14,  16), (  15,  17), (  16,  18), (  20,  22), (  17,  19), (  19,  21), (  22,  24), (   7,   9), (   1,   3), (  21,  23), (  26,   1), (   4,   6), (  24,  26), (  18,  20), (   3,   5), (   6,   8), (   8,  10), (   5,   7), (   9,  11), (  10,  12), (  11,  13), (   2,   4), (  13,  15)]
[(   8,  11), (   6,   9), (   2,   5), (  13,  16), (  10,  13), (   1,   4), (  15,  18), (   4,   7), (   3,   6), (  26,   2), (   7,  10), (  19,  22), (  12,  15), (   5,   8), (  17,  20), (  25,   1), (  21,  24), (  20,  23), (   9,  12), (  23,  26), (  14,  17), (  11,  14), (  22,  25), (  18,  21), (  16,  19)]
[(   9,  13), (   1,   5), (  17,  21), (  26,   3), (   3,   7), (  10,  14), (  21,  25), (  12,  16), (   7,  11), (   8,  12), (   5,   9), (   4,   8), (  25,   2), (  19,  23), (  18,  22), (  15,  19), (  16,  20), (  11,  15), (   2,   6), (  13,  17), (  20,  24), (  24,   1), (   6,  10), (  22,  26), (  14,  18)]
[(  19,  24), (  10,  15), (  23,   1), (   1,   6), (  14,  19), (  18,  23), (   6,  11), (  25,   3), (  20,  25), (  17,  22), (  15,  20), (   9,  14), (  11,  16), (  13,  18), (   7,  12), (   5,  10), (   2,   7), (  24,   2), (  16,  21), (   4,   9), (   8,  13), (  21,  26), (  26,   4), (  12,  17), (   3,   8)]
[(  17,  23), (  14,  20), (   9,  15), (   8,  14), (  25,   4), (  11,  17), (  22,   1), (  20,  26), (  15,  21), (  19,  25), (  18,  24), (   5,  11), (  24,   3), (  16,  22), (   3,   9), (   2,   8), (   6,  12), (   1,   7), (  26,   5), (  10,  16), (  23,   2), (  13,  19), (  12,  18), (   7,  13), (   4,  10)]
[(  25,   5), (  19,  26), (  13,  20), (  18,  25), (  17,  24), (   8,  15), (   5,  12), (  11,  18), (  16,  23), (  23,   3), (  14,  21), (  26,   6), (  10,  17), (  21,   1), (   6,  13), (  24,   4), (   4,  11), (   9,  16), (  15,  22), (  12,  19), (   3,  10), (   2,   9), (   7,  14), (   1,   8), (  22,   2)]
[(   7,  15), (   8,  16), (  10,  18), (  21,   2), (   1,   9), (  24,   5), (  16,  24), (  14,  22), (   4,  12), (  13,  21), (  17,  25), (  20,   1), (  23,   4), (  26,   7), (   2,  10), (   6,  14), (  15,  23), (   5,  13), (   3,  11), (  22,   3), (  18,  26), (  25,   6), (   9,  17), (  11,  19), (  12,  20)]
[(  22,   4), (  13,  22), (  24,   6), (  11,  20), (  20,   2), (  16,  25), (   4,  13), (   1,  10), (   8,  17), (   6,  15), (  26,   8), (  15,  24), (   9,  18), (   3,  12), (  19,   1), (  12,  21), (  10,  19), (  17,  26), (  14,  23), (   2,  11), (  25,   7), (   7,  16), (  21,   3), (   5,  14), (  23,   5)]
[(  16,  26), (  11,  21), (  25,   8), (   9,  19), (  12,  22), (   2,  12), (  20,   3), (  23,   6), (  18,   1), (  14,  24), (  13,  23), (   7,  17), (  22,   5), (  10,  20), (   4,  14), (   3,  13), (  26,   9), (  21,   4), (  24,   7), (  15,  25), (   5,  15), (   8,  18), (  19,   2), (   6,  16), (   1,  11)]
[(  10,  21), (   7,  18), (  11,  22), (  12,  23), (  15,  26), (  19,   3), (  26,  10), (  13,  24), (   2,  13), (  20,   4), (  22,   6), (  18,   2), (   8,  19), (  25,   9), (  21,   5), (  23,   7), (  14,  25), (   3,  14), (  17,   1), (  24,   8), (   1,  12), (   4,  15), (   5,  16), (   9,  20), (   6,  17)]
[(  18,   3), (  12,  24), (   7,  19), (  22,   7), (  11,  23), (   9,  21), (   2,  14), (   5,  17), (  14,  26), (  16,   1), (  19,   4), (  25,  10), (  21,   6), (  17,   2), (  23,   8), (  26,  11), (   1,  13), (  10,  22), (  13,  25), (   6,  18), (   4,  16), (  20,   5), (   8,  20), (   3,  15), (  24,   9)]
[(  20,   6), (   4,  17), (  26,  12), (  24,  10), (   8,  21), (  13,  26), (  23,   9), (   2,  15), (  19,   5), (   5,  18), (  16,   2), (   3,  16), (   7,  20), (  11,  24), (  25,  11), (   9,  22), (  22,   8), (  12,  25), (  18,   4), (   1,  14), (   6,  19), (  17,   3), (  15,   1), (  10,  23), (  21,   7)]