[(   1,   2), (   2,   3), (   3,   4), (   4,   5), (   5,   6), (   6,   7), (   7,   8), (   8,   9), (   9,  10), (  10,  11), (  11,  12), (  12,  13), (  13,  14), (  14,  15), (  15,  16), (  16,  17), (  17,  18), (  18,  19), (  19,  20), (  20,  21), (  21,  22), (  22,  23), (  23,  24), (  24,  25), (  25,  26)]
[(  23,  25), (  20,  22), (   9,  11), (  17,  19), (  19,  21), (  13,  15), (   1,   3), (  10,  12), (   4,   6), (  14,  16), (   7,   9), (   3,   5), (  26,   1), (  22,  24), (  18,  20), (  11,  13), (  21,  23), (  15,  17), (  24,  26), (  12,  14), (   6,   8), (   8,  10), (  16,  18), (   5,   7), (   2,   4)]
[(   9,  12), (  16,  19), (  26,   2), (   3,   6), (  17,  20), (  11,  14), (  20,  23), (   2,   5), (   5,   8), (  18,  21), (   1,   4), (  14,  17), (  12,  15), (  10,  13), (  23,  26), (   6,   9), (  19,  22), (  22,  25), (   4,   7), (  13,  16), (   7,  10), (  21,  24), (  25,   1), (   8,  11), (  15,  18)]
[(   4,   8), (  11,  15), (  15,  19), (  16,  20), (  18,  22), (  21,  25), (  14,  18), (  24,   1), (  17,  21), (  13,  17), (  22,  26), (  20,  24), (  25,   2), (   3,   7), (   1,   5), (  10,  14), (   6,  10), (  26,   3), (   9,  13), (   2,   6), (   5,   9), (   7,  11), (   8,  12), (  12,  16), (  19,  23)]
[(  17,  22), (  12,  17), (  13,  18), (   2,   7), (   7,  12), (  19,  24), (  16,  21), (  18,  23), (  14,  19), (  26,   4), (  25,   3), (  21,  26), (  11,  16), (   1,   6), (  24,   2), (  23,   1), (   8,  13), (   4,   9), (   6,  11), (   3,   8), (  15,  20), (  20,  25), (   9,  14), (  10,  15), (   5,  10)]
[(  15,  21), (   8,  14), (  22,   1), (  12,  18), (   4,  10), (  23,   2), (   5,  11), (  14,  20), (  20,  26), (   3,   9), (  10,  16), (   2,   8), (  24,   3), (  19,  25), (  11,  17), (  18,  24), (   1,   7), (   7,  13), (  16,  22), (  25,   4), (  17,  23), (   9,  15), (  26,   5), (  13,  19), (   6,  12)]
[(   7,  14), (  26,   6), (  16,  23), (   1,   8), (   2,   9), (   3,  10), (  12,  19), (  15,  22), (  23,   3), (  25,   5), (  14,  21), (  11,  18), (  10,  17), (   9,  16), (   6,  13), (  22,   2), (  24,   4), (   5,  12), (   8,  15), (  17,  24), (  18,  25), (  19,  26), (   4,  11), (  21,   1), (  13,  20)]
[(  11,  19), (  24,   5), (   6,  14), (  14,  22), (  16,  24), (   9,  17), (  25,   6), (  17,  25), (   7,  15), (  20,   1), (  15,  23), (   1,   9), (  23,   4), (  18,  26), (   4,  12), (  26,   7), (  12,  20), (   2,  10), (  21,   2), (  10,  18), (   3,  11), (   5,  13), (  13,  21), (  22,   3), (   8,  16)]
[(  24,   6), (   1,  10), (   8,  17), (  15,  24), (  26,   8), (  22,   4), (  13,  22), (   4,  13), (  16,  25), (   6,  15), (  20,   2), (   7,  16), (   9,  18), (  11,  20), (  25,   7), (  12,  21), (   2,  11), (  14,  23), (   5,  14), (  23,   5), (  19,   1), (   3,  12), (  10,  19), (  17,  26), (  21,   3)]
[(  10,  20), (  21,   4), (  24,   7), (  13,  23), (   3,  13), (  16,  26), (  26,   9), (   6,  16), (  12,  22), (  19,   2), (   8,  18), (  15,  25), (  22,   5), (   2,  12), (   9,  19), (  25,   8), (   5,  15), (  11,  21), (  18,   1), (   1,  11), (  14,  24), (   4,  14), (  20,   3), (  23,   6), (   7,  17)]
[(   5,  16), (   7,  18), (  10,  21), (  26,  10), (  14,  25), (   1,  12), (   4,  15), (  19,   3), (  18,   2), (  23,   7), (  13,  24), (  22,   6), (   8,  19), (  21,   5), (   3,  14), (  20,   4), (  25,   9), (  24,   8), (  12,  23), (  15,  26), (   2,  13), (  17,   1), (   6,  17), (   9,  20), (  11,  22)]
[(  18,   3), (  13,  25), (  20,   5), (   9,  21), (  11,  23), (   8,  20), (  17,   2), (  26,  11), (   1,  13), (  12,  24), (   5,  17), (  19,   4), (  21,   6), (  23,   8), (  10,  22), (   3,  15), (  14,  26), (  16,   1), (  25,  10), (   7,  19), (   4,  16), (   6,  18), (  22,   7), (   2,  14), (  24,   9)]
[(  13,  26), (  23,   9), (  12,  25), (  25,  11), (  15,   1), (   5,  18), (  24,  10), (  21,   7), (  11,  24), (  22,   8), (   6,  19), (  10,  23), (   7,  20), (   4,  17), (   8,  21), (  19,   5), (   3,  16), (  20,   6), (  17,   3), (   9,  22), (  26,  12), (  16,   2), (   2,  15), (  18,   4), (   1,  14)]