[(   1,   2), (   2,   3), (   3,   4), (   4,   5), (   5,   6), (   6,   7), (   7,   8), (   8,   9), (   9,  10), (  10,  11), (  11,  12), (  12,  13), (  13,  14), (  14,  15), (  15,  16), (  16,  17), (  17,  18), (  18,  19), (  19,  20), (  20,  21), (  21,  22), (  22,  23), (  23,  24), (  24,  25), (  25,  26)]
[(   5,   7), (  12,  14), (  16,  18), (  21,  23), (   9,  11), (   8,  10), (  22,  24), (   2,   4), (  13,  15), (  23,  25), (  18,  20), (  19,  21), (  17,  19), (   4,   6), (   1,   3), (  20,  22), (  24,  26), (  15,  17), (  14,  16), (   7,   9), (   6,   8), (  26,   1), (  10,  12), (   3,   5), (  11,  13)]
[(  18,  21), (  19,  22), (  11,  14), (  16,  19), (  26,   2), (  23,  26), (   1,   4), (  20,  23), (  22,  25), (  15,  18), (  25,   1), (  17,  20), (  12,  15), (   2,   5), (   7,  10), (   9,  12), (   8,  11), (  10,  13), (   6,   9), (  14,  17), (  13,  16), (  21,  24), (   5,   8), (   4,   7), (   3,   6)]
[(   4,   8), (   5,   9), (  21,  25), (   9,  13), (  15,  19), (  18,  22), (  17,  21), (  24,   1), (   8,  12), (  22,  26), (   6,  10), (   3,   7), (  16,  20), (  12,  16), (  20,  24), (  19,  23), (  25,   2), (   2,   6), (  13,  17), (  11,  15), (  10,  14), (   7,  11), (  26,   3), (  14,  18), (   1,   5)]
[(  17,  22), (  21,  26), (   7,  12), (   1,   6), (  25,   3), (  15,  20), (   6,  11), (  16,  21), (  18,  23), (   8,  13), (  24,   2), (  11,  16), (   2,   7), (  19,  24), (   4,   9), (   5,  10), (  10,  15), (   9,  14), (  26,   4), (   3,   8), (  12,  17), (  20,  25), (  13,  18), (  23,   1), (  14,  19)]
[(   3,   9), (   4,  10), (   2,   8), (   8,  14), (  16,  22), (   5,  11), (  13,  19), (  11,  17), (   1,   7), (   6,  12), (  26,   5), (  25,   4), (  24,   3), (  20,  26), (  17,  23), (  15,  21), (   7,  13), (  22,   1), (  18,  24), (  23,   2), (  19,  25), (   9,  15), (  14,  20), (  10,  16), (  12,  18)]
[(  16,  23), (   8,  15), (  13,  20), (   3,  10), (  17,  24), (  12,  19), (   5,  12), (   6,  13), (  26,   6), (   7,  14), (  14,  21), (   2,   9), (   1,   8), (  18,  25), (  11,  18), (   4,  11), (  21,   1), (  24,   4), (  25,   5), (  19,  26), (  23,   3), (  10,  17), (   9,  16), (  15,  22), (  22,   2)]
[(  11,  19), (  17,  25), (  15,  23), (  12,  20), (   4,  12), (  21,   2), (  10,  18), (  22,   3), (  16,  24), (  20,   1), (   7,  15), (  18,  26), (  23,   4), (   9,  17), (  14,  22), (  26,   7), (   6,  14), (   3,  11), (   2,  10), (  24,   5), (   1,   9), (   5,  13), (  25,   6), (  13,  21), (   8,  16)]
[(   6,  15), (   7,  16), (  19,   1), (  17,  26), (  14,  23), (   4,  13), (  16,  25), (  10,  19), (  11,  20), (  21,   3), (   8,  17), (   5,  14), (   9,  18), (   1,  10), (  26,   8), (  24,   6), (  23,   5), (  25,   7), (  12,  21), (  13,  22), (  20,   2), (   3,  12), (  22,   4), (   2,  11), (  15,  24)]
[(  10,  20), (  18,   1), (  26,   9), (  15,  25), (   8,  18), (  14,  24), (  20,   3), (   5,  15), (  21,   4), (  19,   2), (  13,  23), (  23,   6), (  22,   5), (   3,  13), (   2,  12), (  25,   8), (  12,  22), (  16,  26), (   1,  11), (   6,  16), (  24,   7), (   4,  14), (  11,  21), (   9,  19), (   7,  17)]
[(  14,  25), (  13,  24), (  22,   6), (  18,   2), (  10,  21), (  25,   9), (  15,  26), (   7,  18), (   3,  14), (   5,  16), (  19,   3), (  24,   8), (  26,  10), (  11,  22), (  21,   5), (   2,  13), (   9,  20), (  12,  23), (  23,   7), (   1,  12), (   4,  15), (   8,  19), (  17,   1), (   6,  17), (  20,   4)]
[(  12,  24), (  11,  23), (   5,  17), (  22,   7), (   1,  13), (  16,   1), (   2,  14), (  14,  26), (  17,   2), (  24,   9), (   4,  16), (  10,  22), (  21,   6), (  23,   8), (  13,  25), (  18,   3), (  19,   4), (  20,   5), (   3,  15), (  25,  10), (  26,  11), (   6,  18), (   7,  19), (   8,  20), (   9,  21)]
[(  13,  26), (  20,   6), (  24,  10), (  11,  24), (   7,  20), (  17,   3), (  23,   9), (  12,  25), (  19,   5), (   4,  17), (   9,  22), (  15,   1), (  25,  11), (  21,   7), (   6,  19), (   1,  14), (   3,  16), (   8,  21), (  22,   8), (  18,   4), (   5,  18), (  16,   2), (   2,  15), (  26,  12), (  10,  23)]