[(   1,   2), (   2,   3), (   3,   4), (   4,   5), (   5,   6), (   6,   7), (   7,   8), (   8,   9), (   9,  10), (  10,  11), (  11,  12), (  12,  13), (  13,  14), (  14,  15), (  15,  16), (  16,  17), (  17,  18), (  18,  19), (  19,  20), (  20,  21), (  21,  22), (  22,  23), (  23,  24), (  24,  25), (  25,  26)]
[(   4,   6), (   8,  10), (  15,  17), (  11,  13), (  23,  25), (  16,  18), (   1,   3), (  12,  14), (  19,  21), (  20,  22), (  18,  20), (  22,  24), (  26,   1), (   3,   5), (   7,   9), (   5,   7), (   6,   8), (  13,  15), (  24,  26), (   9,  11), (   2,   4), (  14,  16), (  10,  12), (  17,  19), (  21,  23)]
[(  18,  21), (  15,  18), (   7,  10), (  25,   1), (  14,  17), (  20,  23), (  13,  16), (  22,  25), (   1,   4), (   3,   6), (  19,  22), (   8,  11), (  12,  15), (  16,  19), (   5,   8), (  21,  24), (  23,  26), (   2,   5), (  11,  14), (   4,   7), (  10,  13), (  26,   2), (  17,  20), (   9,  12), (   6,   9)]
[(  11,  15), (  17,  21), (   2,   6), (  15,  19), (  24,   1), (  22,  26), (  19,  23), (   7,  11), (  18,  22), (   9,  13), (  13,  17), (   3,   7), (  25,   2), (  20,  24), (  10,  14), (  14,  18), (   5,   9), (  16,  20), (   4,   8), (   1,   5), (  26,   3), (   8,  12), (  21,  25), (   6,  10), (  12,  16)]
[(   9,  14), (  14,  19), (  23,   1), (  17,  22), (  15,  20), (  12,  17), (  21,  26), (  19,  24), (  20,  25), (  16,  21), (  25,   3), (  18,  23), (  11,  16), (   4,   9), (  24,   2), (   6,  11), (   2,   7), (   3,   8), (   1,   6), (  10,  15), (   7,  12), (   5,  10), (  26,   4), (   8,  13), (  13,  18)]
[(  26,   5), (  16,  22), (   8,  14), (   6,  12), (   3,   9), (  19,  25), (   9,  15), (  20,  26), (   7,  13), (  23,   2), (   4,  10), (  10,  16), (  24,   3), (  11,  17), (  17,  23), (  25,   4), (  14,  20), (   1,   7), (  12,  18), (   2,   8), (  18,  24), (  15,  21), (  13,  19), (   5,  11), (  22,   1)]
[(  16,  23), (  26,   6), (  18,  25), (  14,  21), (  11,  18), (   3,  10), (   5,  12), (  23,   3), (   8,  15), (  19,  26), (   7,  14), (  25,   5), (  10,  17), (  22,   2), (  13,  20), (   1,   8), (  12,  19), (  24,   4), (  15,  22), (  17,  24), (   9,  16), (   6,  13), (   2,   9), (  21,   1), (   4,  11)]
[(  17,  25), (   4,  12), (  16,  24), (   8,  16), (  26,   7), (   5,  13), (  25,   6), (  13,  21), (  24,   5), (   7,  15), (   1,   9), (   9,  17), (  23,   4), (  10,  18), (  18,  26), (  12,  20), (  22,   3), (   6,  14), (  21,   2), (  14,  22), (  20,   1), (  11,  19), (   3,  11), (  15,  23), (   2,  10)]
[(   3,  12), (  23,   5), (  12,  21), (  20,   2), (  10,  19), (   2,  11), (  11,  20), (   1,  10), (  14,  23), (   5,  14), (  24,   6), (  19,   1), (   9,  18), (  26,   8), (  21,   3), (  13,  22), (   4,  13), (  17,  26), (   7,  16), (  16,  25), (   8,  17), (  25,   7), (   6,  15), (  22,   4), (  15,  24)]
[(  10,  20), (  24,   7), (   9,  19), (  26,   9), (  12,  22), (   4,  14), (  14,  24), (   6,  16), (   2,  12), (  25,   8), (  16,  26), (  21,   4), (  22,   5), (  23,   6), (   1,  11), (  19,   2), (  15,  25), (  11,  21), (   3,  13), (  13,  23), (   5,  15), (  18,   1), (   8,  18), (  20,   3), (   7,  17)]
[(  13,  24), (   9,  20), (  11,  22), (  23,   7), (   2,  13), (  24,   8), (  18,   2), (   4,  15), (   6,  17), (  17,   1), (  21,   5), (  15,  26), (   8,  19), (   1,  12), (  22,   6), (  26,  10), (  10,  21), (  12,  23), (  25,   9), (  19,   3), (  14,  25), (  20,   4), (   5,  16), (   7,  18), (   3,  14)]
[(   7,  19), (   1,  13), (  20,   5), (  18,   3), (   4,  16), (   9,  21), (  10,  22), (  17,   2), (  26,  11), (  12,  24), (  23,   8), (   2,  14), (  21,   6), (  13,  25), (  19,   4), (   3,  15), (  16,   1), (  25,  10), (   5,  17), (   6,  18), (  11,  23), (  24,   9), (  22,   7), (  14,  26), (   8,  20)]
[(  22,   8), (  25,  11), (  13,  26), (  24,  10), (   8,  21), (  15,   1), (   4,  17), (   5,  18), (   3,  16), (  18,   4), (   2,  15), (  20,   6), (   7,  20), (  21,   7), (  12,  25), (  23,   9), (  11,  24), (   9,  22), (  10,  23), (  26,  12), (   6,  19), (  17,   3), (   1,  14), (  16,   2), (  19,   5)]