[(   1,   2), (   2,   3), (   3,   4), (   4,   5), (   5,   6), (   6,   7), (   7,   8), (   8,   9), (   9,  10), (  10,  11), (  11,  12), (  12,  13), (  13,  14), (  14,  15), (  15,  16), (  16,  17), (  17,  18), (  18,  19), (  19,  20), (  20,  21), (  21,  22), (  22,  23), (  23,  24), (  24,  25), (  25,  26)]
[(  14,  16), (  10,  12), (  13,  15), (  26,   1), (  24,  26), (  22,  24), (  11,  13), (  20,  22), (  12,  14), (  23,  25), (   7,   9), (  15,  17), (   8,  10), (   6,   8), (   4,   6), (  18,  20), (  21,  23), (   3,   5), (   5,   7), (   2,   4), (   1,   3), (  17,  19), (   9,  11), (  16,  18), (  19,  21)]
[(   3,   6), (  19,  22), (  22,  25), (  21,  24), (   1,   4), (   5,   8), (  12,  15), (  10,  13), (  13,  16), (   9,  12), (  17,  20), (   7,  10), (   6,   9), (  20,  23), (  26,   2), (  11,  14), (  25,   1), (  23,  26), (  18,  21), (  14,  17), (   2,   5), (  15,  18), (  16,  19), (   4,   7), (   8,  11)]
[(  13,  17), (  21,  25), (   6,  10), (   7,  11), (  11,  15), (  15,  19), (   1,   5), (  14,  18), (  19,  23), (  22,  26), (  26,   3), (   2,   6), (  16,  20), (   5,   9), (  18,  22), (   8,  12), (   3,   7), (   9,  13), (   4,   8), (  12,  16), (  20,  24), (  25,   2), (  10,  14), (  17,  21), (  24,   1)]
[(  26,   4), (  15,  20), (  21,  26), (  20,  25), (  18,  23), (   4,   9), (  14,  19), (  16,  21), (   1,   6), (   8,  13), (  19,  24), (  23,   1), (   2,   7), (  12,  17), (   3,   8), (  24,   2), (   6,  11), (   7,  12), (  17,  22), (  10,  15), (   9,  14), (  11,  16), (  25,   3), (   5,  10), (  13,  18)]
[(  12,  18), (  17,  23), (  11,  17), (   9,  15), (   8,  14), (  23,   2), (  24,   3), (  26,   5), (  20,  26), (  15,  21), (  22,   1), (  19,  25), (  18,  24), (  16,  22), (  13,  19), (  25,   4), (  10,  16), (  14,  20), (   3,   9), (   5,  11), (   7,  13), (   6,  12), (   1,   7), (   2,   8), (   4,  10)]
[(  25,   5), (   4,  11), (   5,  12), (  10,  17), (  12,  19), (  13,  20), (  22,   2), (  17,  24), (  18,  25), (   7,  14), (   6,  13), (  14,  21), (  19,  26), (   3,  10), (  21,   1), (  26,   6), (   2,   9), (  24,   4), (  16,  23), (  23,   3), (  11,  18), (   1,   8), (   8,  15), (  15,  22), (   9,  16)]
[(  11,  19), (   6,  14), (  16,  24), (  14,  22), (   9,  17), (  10,  18), (  17,  25), (   3,  11), (  22,   3), (  20,   1), (   8,  16), (  24,   5), (  23,   4), (  26,   7), (  12,  20), (  13,  21), (   4,  12), (  21,   2), (   2,  10), (  25,   6), (  15,  23), (   5,  13), (  18,  26), (   1,   9), (   7,  15)]
[(  15,  24), (   7,  16), (  20,   2), (   3,  12), (  16,  25), (  17,  26), (   9,  18), (  25,   7), (   2,  11), (  24,   6), (  23,   5), (  22,   4), (  12,  21), (  19,   1), (   5,  14), (   1,  10), (  13,  22), (   8,  17), (   6,  15), (  26,   8), (  10,  19), (  21,   3), (   4,  13), (  11,  20), (  14,  23)]
[(  10,  20), (  26,   9), (   9,  19), (  13,  23), (  20,   3), (  11,  21), (  16,  26), (  23,   6), (  24,   7), (  19,   2), (  15,  25), (   8,  18), (  22,   5), (  21,   4), (   7,  17), (   5,  15), (  14,  24), (   6,  16), (   1,  11), (  18,   1), (  25,   8), (   4,  14), (  12,  22), (   3,  13), (   2,  12)]
[(  23,   7), (  24,   8), (   7,  18), (   8,  19), (   2,  13), (   3,  14), (  20,   4), (   1,  12), (   4,  15), (   5,  16), (  10,  21), (   9,  20), (  17,   1), (  18,   2), (  25,   9), (  19,   3), (  15,  26), (  11,  22), (  14,  25), (  13,  24), (   6,  17), (  26,  10), (  21,   5), (  12,  23), (  22,   6)]
[(   9,  21), (   1,  13), (  23,   8), (   6,  18), (  10,  22), (  16,   1), (  21,   6), (  19,   4), (   5,  17), (  18,   3), (   2,  14), (  26,  11), (   3,  15), (  13,  25), (  11,  23), (  22,   7), (   8,  20), (  25,  10), (  12,  24), (   7,  19), (   4,  16), (  24,   9), (  17,   2), (  14,  26), (  20,   5)]
[(  22,   8), (   5,  18), (   1,  14), (  16,   2), (  21,   7), (  12,  25), (  10,  23), (   2,  15), (   8,  21), (   4,  17), (  18,   4), (   3,  16), (  25,  11), (  11,  24), (  24,  10), (  23,   9), (  19,   5), (  15,   1), (  13,  26), (   9,  22), (  26,  12), (   7,  20), (  20,   6), (   6,  19), (  17,   3)]