[(   1,   2), (   2,   3), (   3,   4), (   4,   5), (   5,   6), (   6,   7), (   7,   8), (   8,   9), (   9,  10), (  10,  11), (  11,  12), (  12,  13), (  13,  14), (  14,  15), (  15,  16), (  16,  17), (  17,  18), (  18,  19), (  19,  20), (  20,  21), (  21,  22)]
[(  15,  17), (   8,  10), (  13,  15), (  22,   1), (  18,  20), (  10,  12), (  17,  19), (  19,  21), (  14,  16), (   6,   8), (   4,   6), (   5,   7), (   3,   5), (   7,   9), (   9,  11), (  12,  14), (  20,  22), (   1,   3), (   2,   4), (  16,  18), (  11,  13)]
[(   9,  12), (  18,  21), (   7,  10), (   6,   9), (   8,  11), (   1,   4), (  22,   2), (  15,  18), (  19,  22), (  16,  19), (  17,  20), (  14,  17), (  21,   1), (   3,   6), (   2,   5), (  10,  13), (  13,  16), (  11,  14), (  12,  15), (   4,   7), (   5,   8)]
[(  18,  22), (  16,  20), (   5,   9), (  10,  14), (  21,   2), (  17,  21), (   1,   5), (   7,  11), (  11,  15), (  22,   3), (  14,  18), (   4,   8), (  12,  16), (  13,  17), (  20,   1), (   2,   6), (   6,  10), (   8,  12), (   3,   7), (   9,  13), (  15,  19)]
[(   5,  10), (  12,  17), (  16,  21), (  15,  20), (   7,  12), (   8,  13), (  11,  16), (  17,  22), (   2,   7), (   4,   9), (   3,   8), (  19,   1), (   6,  11), (  20,   2), (  13,  18), (  22,   4), (  21,   3), (  10,  15), (   9,  14), (  14,  19), (   1,   6)]
[(   8,  14), (   5,  11), (  14,  20), (   7,  13), (  10,  16), (  19,   2), (  15,  21), (   4,  10), (  18,   1), (  12,  18), (  13,  19), (  20,   3), (   9,  15), (  22,   5), (  21,   4), (   1,   7), (   2,   8), (  16,  22), (  11,  17), (   6,  12), (   3,   9)]
[(  13,  20), (   7,  14), (  17,   1), (  11,  18), (  19,   3), (   9,  16), (   6,  13), (   5,  12), (  20,   4), (  14,  21), (  21,   5), (  15,  22), (  18,   2), (  12,  19), (   3,  10), (   8,  15), (   4,  11), (   2,   9), (  22,   6), (   1,   8), (  10,  17)]
[(   3,  11), (  19,   4), (  11,  19), (  17,   2), (   9,  17), (  14,  22), (   4,  12), (  16,   1), (   5,  13), (  20,   5), (   1,   9), (  10,  18), (  22,   7), (   8,  16), (   6,  14), (  18,   3), (   7,  15), (  21,   6), (  13,  21), (   2,  10), (  12,  20)]
[(  21,   7), (   6,  15), (  22,   8), (  12,  21), (  13,  22), (  11,  20), (   9,  18), (  20,   6), (   3,  12), (  15,   1), (   7,  16), (   2,  11), (  10,  19), (  18,   4), (   8,  17), (  19,   5), (   5,  14), (   4,  13), (   1,  10), (  17,   3), (  16,   2)]
[(  19,   6), (  22,   9), (   2,  12), (  16,   3), (  14,   1), (  18,   5), (  10,  20), (   3,  13), (  21,   8), (   7,  17), (  15,   2), (   6,  16), (  17,   4), (   1,  11), (  12,  22), (  11,  21), (   9,  19), (  20,   7), (   8,  18), (   5,  15), (   4,  14)]
[(  16,   4), (  13,   1), (  18,   6), (   8,  19), (   4,  15), (  15,   3), (   3,  14), (  14,   2), (   6,  17), (   2,  13), (  22,  10), (  21,   9), (  20,   8), (  10,  21), (  19,   7), (   9,  20), (   1,  12), (  17,   5), (   5,  16), (  11,  22), (   7,  18)]