[(   1,   2), (   2,   3), (   3,   4), (   4,   5), (   5,   6), (   6,   7), (   7,   8), (   8,   9), (   9,  10), (  10,  11), (  11,  12), (  12,  13), (  13,  14), (  14,  15), (  15,  16), (  16,  17), (  17,  18), (  18,  19), (  19,  20), (  20,  21), (  21,  22)]
[(   8,  10), (   4,   6), (  12,  14), (   7,   9), (  10,  12), (  18,  20), (  20,  22), (  13,  15), (  17,  19), (  16,  18), (   6,   8), (  19,  21), (   9,  11), (   2,   4), (  11,  13), (   3,   5), (  22,   1), (  14,  16), (   5,   7), (  15,  17), (   1,   3)]
[(  12,  15), (  16,  19), (  17,  20), (  11,  14), (   4,   7), (  10,  13), (   9,  12), (   3,   6), (  22,   2), (   5,   8), (  14,  17), (   2,   5), (  19,  22), (  18,  21), (   1,   4), (  21,   1), (  13,  16), (   8,  11), (   6,   9), (   7,  10), (  15,  18)]
[(   7,  11), (  17,  21), (  11,  15), (  12,  16), (  21,   2), (  15,  19), (   2,   6), (  18,  22), (   1,   5), (  22,   3), (  16,  20), (   6,  10), (   4,   8), (   5,   9), (   8,  12), (   9,  13), (   3,   7), (  20,   1), (  10,  14), (  14,  18), (  13,  17)]
[(  16,  21), (   9,  14), (   5,  10), (  17,  22), (  15,  20), (  11,  16), (  13,  18), (   2,   7), (   3,   8), (   1,   6), (  19,   1), (   4,   9), (  12,  17), (   8,  13), (  20,   2), (  14,  19), (  10,  15), (  22,   4), (  21,   3), (   6,  11), (   7,  12)]
[(  20,   3), (   7,  13), (  13,  19), (   2,   8), (  11,  17), (   3,   9), (   5,  11), (  14,  20), (  12,  18), (  15,  21), (  21,   4), (  18,   1), (   1,   7), (  10,  16), (  22,   5), (   6,  12), (   8,  14), (   9,  15), (  16,  22), (  19,   2), (   4,  10)]
[(   6,  13), (   8,  15), (  22,   6), (  19,   3), (   9,  16), (  21,   5), (  14,  21), (  10,  17), (  13,  20), (  12,  19), (   3,  10), (  15,  22), (  18,   2), (  17,   1), (   7,  14), (  20,   4), (   4,  11), (   5,  12), (  11,  18), (   1,   8), (   2,   9)]
[(  14,  22), (  12,  20), (   1,   9), (  13,  21), (  18,   3), (  17,   2), (  16,   1), (  19,   4), (   6,  14), (   9,  17), (  22,   7), (   8,  16), (  20,   5), (   3,  11), (  10,  18), (   7,  15), (  21,   6), (   2,  10), (   4,  12), (   5,  13), (  11,  19)]
[(  18,   4), (   1,  10), (  16,   2), (  15,   1), (  13,  22), (  22,   8), (  10,  19), (  12,  21), (   7,  16), (   4,  13), (   9,  18), (  11,  20), (   6,  15), (  20,   6), (  17,   3), (   2,  11), (  19,   5), (  21,   7), (   8,  17), (   3,  12), (   5,  14)]
[(   9,  19), (  18,   5), (  21,   8), (  10,  20), (  14,   1), (   4,  14), (  17,   4), (   1,  11), (  11,  21), (  20,   7), (   5,  15), (   7,  17), (  16,   3), (  12,  22), (  19,   6), (   8,  18), (   2,  12), (   3,  13), (  15,   2), (  22,   9), (   6,  16)]
[(  17,   5), (  11,  22), (   7,  18), (  18,   6), (   8,  19), (   1,  12), (  15,   3), (   5,  16), (   4,  15), (  14,   2), (   2,  13), (   3,  14), (  10,  21), (  19,   7), (  21,   9), (  22,  10), (   9,  20), (   6,  17), (  13,   1), (  16,   4), (  20,   8)]