[(   1,   2), (   2,   3), (   3,   4), (   4,   5), (   5,   6), (   6,   7), (   7,   8), (   8,   9), (   9,  10), (  10,  11), (  11,  12), (  12,  13), (  13,  14), (  14,  15), (  15,  16), (  16,  17), (  17,  18), (  18,  19), (  19,  20), (  20,  21), (  21,  22)]
[(  10,  12), (   5,   7), (  14,  16), (  13,  15), (  20,  22), (  15,  17), (   4,   6), (  16,  18), (   3,   5), (  12,  14), (   1,   3), (   8,  10), (   9,  11), (  22,   1), (  19,  21), (  18,  20), (   2,   4), (   6,   8), (  11,  13), (  17,  19), (   7,   9)]
[(   3,   6), (  19,  22), (   9,  12), (  17,  20), (  15,  18), (  11,  14), (  12,  15), (   1,   4), (  18,  21), (  21,   1), (   2,   5), (   4,   7), (  22,   2), (   8,  11), (   5,   8), (   6,   9), (  13,  16), (  10,  13), (  14,  17), (   7,  10), (  16,  19)]
[(   9,  13), (  10,  14), (   7,  11), (  12,  16), (  17,  21), (   1,   5), (  21,   2), (  11,  15), (  13,  17), (   5,   9), (  15,  19), (  20,   1), (   6,  10), (  16,  20), (   2,   6), (   4,   8), (   3,   7), (  22,   3), (  18,  22), (   8,  12), (  14,  18)]
[(  17,  22), (   8,  13), (  10,  15), (   9,  14), (   7,  12), (   4,   9), (  14,  19), (  20,   2), (   2,   7), (  13,  18), (  16,  21), (  21,   3), (  15,  20), (   5,  10), (  12,  17), (  19,   1), (   6,  11), (  11,  16), (   1,   6), (  22,   4), (   3,   8)]
[(  14,  20), (  15,  21), (  18,   1), (   1,   7), (   3,   9), (  20,   3), (  10,  16), (  22,   5), (  16,  22), (  19,   2), (   8,  14), (  11,  17), (  12,  18), (  13,  19), (   4,  10), (   7,  13), (   9,  15), (  21,   4), (   2,   8), (   5,  11), (   6,  12)]
[(  11,  18), (   9,  16), (  21,   5), (  19,   3), (   4,  11), (  12,  19), (  13,  20), (  10,  17), (   8,  15), (  20,   4), (  22,   6), (  18,   2), (   1,   8), (   2,   9), (   7,  14), (  15,  22), (  14,  21), (   5,  12), (   3,  10), (   6,  13), (  17,   1)]
[(   7,  15), (  12,  20), (  17,   2), (   2,  10), (   8,  16), (  13,  21), (   1,   9), (   6,  14), (  11,  19), (  22,   7), (  10,  18), (  14,  22), (  19,   4), (  21,   6), (  18,   3), (   3,  11), (  20,   5), (   9,  17), (   4,  12), (  16,   1), (   5,  13)]
[(  19,   5), (  18,   4), (  13,  22), (  22,   8), (  10,  19), (  16,   2), (  17,   3), (  12,  21), (  20,   6), (   8,  17), (   4,  13), (   6,  15), (  21,   7), (   3,  12), (  11,  20), (   5,  14), (   1,  10), (  15,   1), (   7,  16), (   9,  18), (   2,  11)]
[(  21,   8), (   1,  11), (  19,   6), (  11,  21), (  14,   1), (   8,  18), (  18,   5), (   3,  13), (   4,  14), (   6,  16), (   7,  17), (   9,  19), (  16,   3), (  17,   4), (  22,   9), (   2,  12), (  12,  22), (  20,   7), (   5,  15), (  15,   2), (  10,  20)]
[(  16,   4), (   6,  17), (  20,   8), (  18,   6), (   2,  13), (  22,  10), (  11,  22), (  19,   7), (   1,  12), (  15,   3), (   9,  20), (   5,  16), (  17,   5), (   7,  18), (  13,   1), (  10,  21), (   8,  19), (  14,   2), (  21,   9), (   3,  14), (   4,  15)]