[(   1,   2), (   2,   3), (   3,   4), (   4,   5), (   5,   6), (   6,   7), (   7,   8), (   8,   9), (   9,  10), (  10,  11), (  11,  12), (  12,  13), (  13,  14), (  14,  15), (  15,  16), (  16,  17), (  17,  18), (  18,  19), (  19,  20), (  20,  21), (  21,  22)]
[(  16,  18), (   8,  10), (  13,  15), (  10,  12), (  20,  22), (  11,  13), (  22,   1), (   3,   5), (  18,  20), (   1,   3), (  14,  16), (   2,   4), (  15,  17), (  19,  21), (   7,   9), (   9,  11), (   6,   8), (   4,   6), (  12,  14), (   5,   7), (  17,  19)]
[(   3,   6), (  17,  20), (  22,   2), (  11,  14), (   9,  12), (  12,  15), (  15,  18), (  19,  22), (  21,   1), (  18,  21), (   4,   7), (  16,  19), (   7,  10), (   6,   9), (  14,  17), (   2,   5), (  13,  16), (   5,   8), (   8,  11), (  10,  13), (   1,   4)]
[(   5,   9), (  14,  18), (   8,  12), (  18,  22), (  17,  21), (  21,   2), (  10,  14), (  16,  20), (   7,  11), (  12,  16), (  20,   1), (   6,  10), (  22,   3), (  13,  17), (   2,   6), (  15,  19), (   1,   5), (   9,  13), (   3,   7), (   4,   8), (  11,  15)]
[(  10,  15), (   6,  11), (  11,  16), (  20,   2), (   8,  13), (  14,  19), (  21,   3), (   1,   6), (  12,  17), (   4,   9), (   5,  10), (   3,   8), (  16,  21), (   2,   7), (  13,  18), (   7,  12), (  15,  20), (  17,  22), (  22,   4), (  19,   1), (   9,  14)]
[(  14,  20), (   1,   7), (  18,   1), (   7,  13), (   4,  10), (  22,   5), (  13,  19), (  12,  18), (  19,   2), (   8,  14), (   9,  15), (  11,  17), (   6,  12), (   5,  11), (  20,   3), (  21,   4), (   3,   9), (  15,  21), (  10,  16), (  16,  22), (   2,   8)]
[(   4,  11), (  15,  22), (  21,   5), (   8,  15), (  18,   2), (   9,  16), (   2,   9), (  10,  17), (  22,   6), (  13,  20), (  19,   3), (  14,  21), (  20,   4), (   1,   8), (   5,  12), (   3,  10), (  12,  19), (   7,  14), (  17,   1), (  11,  18), (   6,  13)]
[(  13,  21), (   5,  13), (   6,  14), (  16,   1), (  11,  19), (  18,   3), (   4,  12), (   7,  15), (   8,  16), (  22,   7), (  17,   2), (  20,   5), (   1,   9), (  12,  20), (  19,   4), (  14,  22), (   2,  10), (   3,  11), (  21,   6), (   9,  17), (  10,  18)]
[(   8,  17), (  12,  21), (  10,  19), (  17,   3), (   7,  16), (   1,  10), (  11,  20), (   4,  13), (   5,  14), (  19,   5), (  13,  22), (  15,   1), (   2,  11), (  18,   4), (  22,   8), (  20,   6), (  21,   7), (  16,   2), (   9,  18), (   6,  15), (   3,  12)]
[(  12,  22), (   9,  19), (   7,  17), (  19,   6), (  14,   1), (  17,   4), (   6,  16), (  11,  21), (   3,  13), (  15,   2), (  21,   8), (  22,   9), (  18,   5), (  16,   3), (   1,  11), (   8,  18), (   4,  14), (  10,  20), (   5,  15), (   2,  12), (  20,   7)]
[(  19,   7), (  16,   4), (   9,  20), (  21,   9), (  15,   3), (  20,   8), (  17,   5), (  14,   2), (   4,  15), (   6,  17), (  18,   6), (   7,  18), (   8,  19), (  22,  10), (  10,  21), (  13,   1), (  11,  22), (   1,  12), (   2,  13), (   3,  14), (   5,  16)]