[(   1,   2), (   2,   3), (   3,   4), (   4,   5), (   5,   6), (   6,   7), (   7,   8), (   8,   9), (   9,  10), (  10,  11), (  11,  12), (  12,  13), (  13,  14), (  14,  15), (  15,  16), (  16,  17), (  17,  18), (  18,  19), (  19,  20), (  20,  21), (  21,  22)]
[(  14,  16), (  22,   1), (  18,  20), (  10,  12), (  16,  18), (  19,  21), (  13,  15), (  11,  13), (   6,   8), (  20,  22), (   1,   3), (  15,  17), (   5,   7), (   2,   4), (  12,  14), (   9,  11), (   3,   5), (   7,   9), (   4,   6), (  17,  19), (   8,  10)]
[(   8,  11), (  11,  14), (   9,  12), (  17,  20), (   7,  10), (  13,  16), (  14,  17), (  16,  19), (  21,   1), (  18,  21), (   2,   5), (  19,  22), (   1,   4), (   6,   9), (  10,  13), (  12,  15), (  22,   2), (   3,   6), (  15,  18), (   5,   8), (   4,   7)]
[(  18,  22), (   9,  13), (  15,  19), (   2,   6), (  17,  21), (  14,  18), (   5,   9), (  22,   3), (  11,  15), (  13,  17), (  16,  20), (   6,  10), (  21,   2), (  20,   1), (   1,   5), (   3,   7), (  10,  14), (   4,   8), (   8,  12), (   7,  11), (  12,  16)]
[(   7,  12), (  16,  21), (   8,  13), (  14,  19), (  20,   2), (  10,  15), (  22,   4), (   2,   7), (  17,  22), (   1,   6), (  13,  18), (   3,   8), (  11,  16), (   5,  10), (  21,   3), (  19,   1), (   6,  11), (  12,  17), (   9,  14), (   4,   9), (  15,  20)]
[(  21,   4), (   6,  12), (  22,   5), (   7,  13), (   9,  15), (   2,   8), (  18,   1), (  15,  21), (  14,  20), (   3,   9), (   8,  14), (   5,  11), (  20,   3), (  16,  22), (  11,  17), (   4,  10), (  13,  19), (  10,  16), (   1,   7), (  12,  18), (  19,   2)]
[(  10,  17), (  20,   4), (  14,  21), (   9,  16), (   1,   8), (   4,  11), (  19,   3), (  17,   1), (   5,  12), (   7,  14), (  22,   6), (  18,   2), (  12,  19), (  11,  18), (   2,   9), (  13,  20), (   8,  15), (  21,   5), (   3,  10), (  15,  22), (   6,  13)]
[(   5,  13), (  10,  18), (   2,  10), (  18,   3), (  11,  19), (  20,   5), (  12,  20), (   4,  12), (  19,   4), (   8,  16), (   7,  15), (  16,   1), (   9,  17), (  13,  21), (  22,   7), (  21,   6), (   1,   9), (  14,  22), (  17,   2), (   6,  14), (   3,  11)]
[(  20,   6), (   8,  17), (   7,  16), (  15,   1), (   4,  13), (  17,   3), (   2,  11), (   5,  14), (  16,   2), (  19,   5), (  10,  19), (  21,   7), (   6,  15), (   3,  12), (  18,   4), (  22,   8), (  12,  21), (  11,  20), (  13,  22), (   1,  10), (   9,  18)]
[(   9,  19), (   5,  15), (   1,  11), (  21,   8), (  12,  22), (  22,   9), (   6,  16), (  10,  20), (   3,  13), (   2,  12), (  17,   4), (   4,  14), (   8,  18), (   7,  17), (  19,   6), (  18,   5), (  20,   7), (  15,   2), (  11,  21), (  16,   3), (  14,   1)]
[(  15,   3), (  19,   7), (   6,  17), (  11,  22), (   3,  14), (   1,  12), (  10,  21), (  18,   6), (   7,  18), (   4,  15), (  21,   9), (   9,  20), (  22,  10), (   8,  19), (  20,   8), (  14,   2), (  16,   4), (  13,   1), (   5,  16), (   2,  13), (  17,   5)]