[(   1,   2), (   2,   3), (   3,   4), (   4,   5), (   5,   6), (   6,   7), (   7,   8), (   8,   9), (   9,  10), (  10,  11), (  11,  12), (  12,  13), (  13,  14), (  14,  15), (  15,  16), (  16,  17), (  17,  18), (  18,  19), (  19,  20), (  20,  21), (  21,  22)]
[(   5,   7), (  14,  16), (  18,  20), (   8,  10), (   7,   9), (  20,  22), (  17,  19), (  10,  12), (   6,   8), (  12,  14), (  22,   1), (   9,  11), (  15,  17), (  19,  21), (   4,   6), (   1,   3), (  13,  15), (   2,   4), (   3,   5), (  11,  13), (  16,  18)]
[(  14,  17), (   1,   4), (  11,  14), (  12,  15), (  19,  22), (   2,   5), (  15,  18), (   3,   6), (  13,  16), (   4,   7), (  10,  13), (  16,  19), (   7,  10), (   5,   8), (  17,  20), (  18,  21), (   6,   9), (  21,   1), (   9,  12), (  22,   2), (   8,  11)]
[(  15,  19), (  11,  15), (   6,  10), (  16,  20), (   8,  12), (  12,  16), (  22,   3), (  14,  18), (   1,   5), (   2,   6), (  21,   2), (  17,  21), (  18,  22), (   9,  13), (   5,   9), (   7,  11), (   4,   8), (  10,  14), (  13,  17), (   3,   7), (  20,   1)]
[(   8,  13), (  17,  22), (   7,  12), (  21,   3), (  20,   2), (  14,  19), (   5,  10), (   2,   7), (  22,   4), (  15,  20), (   9,  14), (   3,   8), (  19,   1), (   6,  11), (  13,  18), (   4,   9), (  16,  21), (  12,  17), (  11,  16), (   1,   6), (  10,  15)]
[(  10,  16), (   7,  13), (  13,  19), (   1,   7), (  11,  17), (   9,  15), (  21,   4), (  15,  21), (  14,  20), (  18,   1), (  20,   3), (  22,   5), (   3,   9), (  16,  22), (   2,   8), (   8,  14), (  19,   2), (   5,  11), (   4,  10), (  12,  18), (   6,  12)]
[(   4,  11), (   5,  12), (  15,  22), (  11,  18), (  14,  21), (  17,   1), (   9,  16), (  13,  20), (  18,   2), (  19,   3), (   8,  15), (  20,   4), (  21,   5), (   3,  10), (  12,  19), (  22,   6), (   7,  14), (   6,  13), (   1,   8), (  10,  17), (   2,   9)]
[(  18,   3), (  21,   6), (   1,   9), (   9,  17), (  10,  18), (   3,  11), (   6,  14), (  16,   1), (  11,  19), (  13,  21), (  19,   4), (   2,  10), (   4,  12), (  17,   2), (  22,   7), (  12,  20), (  20,   5), (   7,  15), (  14,  22), (   8,  16), (   5,  13)]
[(  20,   6), (   9,  18), (  16,   2), (  13,  22), (  15,   1), (   4,  13), (  11,  20), (  19,   5), (  12,  21), (   8,  17), (   7,  16), (   6,  15), (   2,  11), (  18,   4), (   1,  10), (  10,  19), (   3,  12), (  22,   8), (  21,   7), (   5,  14), (  17,   3)]
[(  12,  22), (  10,  20), (  21,   8), (  19,   6), (   3,  13), (   8,  18), (   2,  12), (  17,   4), (   7,  17), (  22,   9), (  18,   5), (  14,   1), (   6,  16), (  20,   7), (  11,  21), (   5,  15), (   1,  11), (  16,   3), (  15,   2), (   9,  19), (   4,  14)]
[(  21,   9), (   8,  19), (  17,   5), (  14,   2), (  16,   4), (  10,  21), (  13,   1), (  11,  22), (  15,   3), (   5,  16), (   6,  17), (   7,  18), (  20,   8), (   1,  12), (   3,  14), (   2,  13), (  22,  10), (   9,  20), (  18,   6), (   4,  15), (  19,   7)]