[(   1,   2), (   2,   3), (   3,   4), (   4,   5), (   5,   6), (   6,   7), (   7,   8), (   8,   9), (   9,  10), (  10,  11), (  11,  12), (  12,  13), (  13,  14), (  14,  15), (  15,  16), (  16,  17), (  17,  18), (  18,  19), (  19,  20), (  20,  21), (  21,  22)]
[(  16,  18), (  20,  22), (   7,   9), (  10,  12), (  19,  21), (  15,  17), (   1,   3), (  13,  15), (  18,  20), (  14,  16), (   6,   8), (  17,  19), (   3,   5), (   8,  10), (   4,   6), (  12,  14), (   2,   4), (  11,  13), (  22,   1), (   9,  11), (   5,   7)]
[(   8,  11), (  10,  13), (  18,  21), (  17,  20), (  15,  18), (  13,  16), (  22,   2), (   1,   4), (   4,   7), (   9,  12), (   2,   5), (   6,   9), (  16,  19), (  19,  22), (  11,  14), (  21,   1), (   5,   8), (   3,   6), (  14,  17), (   7,  10), (  12,  15)]
[(   3,   7), (   5,   9), (   8,  12), (  15,  19), (   9,  13), (  21,   2), (  11,  15), (  22,   3), (  13,  17), (   2,   6), (  14,  18), (  18,  22), (   6,  10), (  20,   1), (  17,  21), (   7,  11), (  10,  14), (   4,   8), (  12,  16), (   1,   5), (  16,  20)]
[(   5,  10), (  11,  16), (  10,  15), (   1,   6), (  20,   2), (  14,  19), (   9,  14), (  16,  21), (  19,   1), (  15,  20), (   4,   9), (   3,   8), (  22,   4), (   2,   7), (   7,  12), (   8,  13), (  21,   3), (  17,  22), (   6,  11), (  12,  17), (  13,  18)]
[(  15,  21), (  18,   1), (  22,   5), (   7,  13), (   1,   7), (   5,  11), (  12,  18), (   6,  12), (   8,  14), (  21,   4), (  13,  19), (  14,  20), (   9,  15), (  11,  17), (  20,   3), (   3,   9), (  16,  22), (  10,  16), (   4,  10), (  19,   2), (   2,   8)]
[(  12,  19), (  14,  21), (  13,  20), (   9,  16), (  10,  17), (   3,  10), (  20,   4), (  11,  18), (  22,   6), (  19,   3), (  15,  22), (  21,   5), (  17,   1), (   5,  12), (   1,   8), (  18,   2), (   6,  13), (   7,  14), (   2,   9), (   8,  15), (   4,  11)]
[(   6,  14), (   4,  12), (  11,  19), (  18,   3), (   8,  16), (   1,   9), (  13,  21), (  17,   2), (   3,  11), (  22,   7), (  16,   1), (   2,  10), (  12,  20), (  21,   6), (  10,  18), (  19,   4), (   7,  15), (  20,   5), (   5,  13), (  14,  22), (   9,  17)]
[(  13,  22), (   6,  15), (  16,   2), (  22,   8), (   3,  12), (  18,   4), (  10,  19), (   5,  14), (  12,  21), (   8,  17), (  17,   3), (   7,  16), (   2,  11), (   9,  18), (  19,   5), (  20,   6), (  11,  20), (  15,   1), (  21,   7), (   4,  13), (   1,  10)]
[(  17,   4), (   7,  17), (  14,   1), (  11,  21), (   4,  14), (  12,  22), (   6,  16), (  10,  20), (  15,   2), (  18,   5), (  20,   7), (   1,  11), (  21,   8), (   3,  13), (  22,   9), (   5,  15), (   9,  19), (   2,  12), (   8,  18), (  16,   3), (  19,   6)]
[(   9,  20), (   8,  19), (   6,  17), (  14,   2), (  11,  22), (  20,   8), (  17,   5), (  19,   7), (   5,  16), (  13,   1), (  10,  21), (   4,  15), (   7,  18), (  16,   4), (   2,  13), (  22,  10), (   1,  12), (  21,   9), (  15,   3), (  18,   6), (   3,  14)]