[(   1,   2), (   2,   3), (   3,   4), (   4,   5), (   5,   6), (   6,   7), (   7,   8), (   8,   9), (   9,  10), (  10,  11), (  11,  12), (  12,  13), (  13,  14), (  14,  15), (  15,  16), (  16,  17), (  17,  18), (  18,  19), (  19,  20), (  20,  21), (  21,  22)]
[(   7,   9), (  17,  19), (  20,  22), (   8,  10), (  11,  13), (  15,  17), (  10,  12), (  14,  16), (   3,   5), (  12,  14), (  22,   1), (   9,  11), (  18,  20), (  16,  18), (  19,  21), (   6,   8), (  13,  15), (   4,   6), (   1,   3), (   2,   4), (   5,   7)]
[(   8,  11), (  15,  18), (  11,  14), (  12,  15), (  19,  22), (  13,  16), (  17,  20), (  22,   2), (  18,  21), (   4,   7), (  10,  13), (  16,  19), (   2,   5), (   3,   6), (   6,   9), (   7,  10), (   1,   4), (  21,   1), (   9,  12), (   5,   8), (  14,  17)]
[(  15,  19), (   4,   8), (   2,   6), (  16,  20), (   3,   7), (   1,   5), (  22,   3), (  20,   1), (  12,  16), (  13,  17), (  21,   2), (   6,  10), (   7,  11), (   5,   9), (  10,  14), (  18,  22), (   8,  12), (  11,  15), (  17,  21), (  14,  18), (   9,  13)]
[(  16,  21), (   1,   6), (   7,  12), (  21,   3), (  12,  17), (  14,  19), (  13,  18), (  10,  15), (  22,   4), (  15,  20), (   9,  14), (   3,   8), (  19,   1), (   8,  13), (   2,   7), (   4,   9), (   5,  10), (  17,  22), (  11,  16), (   6,  11), (  20,   2)]
[(  12,  18), (  10,  16), (   9,  15), (   1,   7), (   2,   8), (   4,  10), (  15,  21), (  11,  17), (  14,  20), (  22,   5), (  20,   3), (  18,   1), (   3,   9), (  21,   4), (   5,  11), (  13,  19), (  19,   2), (   7,  13), (   8,  14), (  16,  22), (   6,  12)]
[(   6,  13), (   7,  14), (  17,   1), (  11,  18), (  14,  21), (  18,   2), (   2,   9), (   5,  12), (   1,   8), (  19,   3), (   8,  15), (  20,   4), (  15,  22), (  12,  19), (  13,  20), (  21,   5), (   9,  16), (   3,  10), (  22,   6), (  10,  17), (   4,  11)]
[(  20,   5), (   5,  13), (  13,  21), (   9,  17), (  16,   1), (   3,  11), (   6,  14), (  21,   6), (  11,  19), (   1,   9), (  19,   4), (  14,  22), (   4,  12), (  17,   2), (  18,   3), (  12,  20), (  22,   7), (   8,  16), (   2,  10), (   7,  15), (  10,  18)]
[(  17,   3), (  11,  20), (  10,  19), (  13,  22), (   9,  18), (  12,  21), (  19,   5), (  18,   4), (   6,  15), (  16,   2), (   7,  16), (  21,   7), (   8,  17), (   1,  10), (  22,   8), (   2,  11), (  20,   6), (   5,  14), (   4,  13), (   3,  12), (  15,   1)]
[(   4,  14), (  12,  22), (   8,  18), (  19,   6), (  10,  20), (  22,   9), (   1,  11), (   3,  13), (   7,  17), (  21,   8), (  18,   5), (  15,   2), (   6,  16), (  20,   7), (  17,   4), (  14,   1), (  11,  21), (   2,  12), (   5,  15), (   9,  19), (  16,   3)]
[(  22,  10), (  21,   9), (   5,  16), (  14,   2), (   4,  15), (  20,   8), (  16,   4), (  19,   7), (   2,  13), (  18,   6), (   6,  17), (  17,   5), (  10,  21), (  11,  22), (   1,  12), (  15,   3), (   3,  14), (   9,  20), (   7,  18), (  13,   1), (   8,  19)]