[(   1,   2), (   2,   3), (   3,   4), (   4,   5), (   5,   6), (   6,   7), (   7,   8), (   8,   9), (   9,  10), (  10,  11), (  11,  12), (  12,  13), (  13,  14), (  14,  15), (  15,  16), (  16,  17), (  17,  18), (  18,  19), (  19,  20), (  20,  21), (  21,  22)]
[(   3,   5), (  17,  19), (   6,   8), (   1,   3), (   7,   9), (  13,  15), (  16,  18), (  11,  13), (  12,  14), (  18,  20), (   8,  10), (  20,  22), (   5,   7), (  19,  21), (   9,  11), (   4,   6), (  14,  16), (  10,  12), (  22,   1), (  15,  17), (   2,   4)]
[(  10,  13), (  21,   1), (  12,  15), (   6,   9), (  18,  21), (   1,   4), (  17,  20), (   2,   5), (  22,   2), (  19,  22), (  16,  19), (   5,   8), (   3,   6), (   8,  11), (  14,  17), (  11,  14), (   9,  12), (   4,   7), (  15,  18), (   7,  10), (  13,  16)]
[(  12,  16), (  11,  15), (   9,  13), (  16,  20), (  22,   3), (  10,  14), (   5,   9), (  14,  18), (  13,  17), (   4,   8), (  17,  21), (   7,  11), (  15,  19), (  20,   1), (  18,  22), (  21,   2), (   3,   7), (   1,   5), (   6,  10), (   2,   6), (   8,  12)]
[(  22,   4), (  13,  18), (  16,  21), (  10,  15), (  11,  16), (  21,   3), (   6,  11), (  17,  22), (  15,  20), (   1,   6), (   4,   9), (  19,   1), (  12,  17), (   2,   7), (   5,  10), (   3,   8), (  20,   2), (   9,  14), (   7,  12), (   8,  13), (  14,  19)]
[(  14,  20), (   4,  10), (  19,   2), (  12,  18), (  13,  19), (  11,  17), (  21,   4), (   6,  12), (   1,   7), (   7,  13), (  22,   5), (  15,  21), (  16,  22), (  10,  16), (  20,   3), (   9,  15), (   5,  11), (   2,   8), (   8,  14), (  18,   1), (   3,   9)]
[(  11,  18), (   5,  12), (  17,   1), (  14,  21), (   8,  15), (  18,   2), (  12,  19), (  19,   3), (  21,   5), (   9,  16), (   7,  14), (   3,  10), (  20,   4), (  22,   6), (   1,   8), (  13,  20), (   6,  13), (  15,  22), (   2,   9), (   4,  11), (  10,  17)]
[(   7,  15), (   6,  14), (  10,  18), (  11,  19), (  12,  20), (   8,  16), (   2,  10), (  16,   1), (   3,  11), (  17,   2), (  18,   3), (   9,  17), (   1,   9), (   4,  12), (  21,   6), (  22,   7), (  19,   4), (  13,  21), (   5,  13), (  14,  22), (  20,   5)]
[(   8,  17), (   7,  16), (   5,  14), (  22,   8), (   1,  10), (  19,   5), (  13,  22), (  21,   7), (  18,   4), (  12,  21), (  20,   6), (  16,   2), (   2,  11), (   9,  18), (   4,  13), (  10,  19), (  15,   1), (  11,  20), (  17,   3), (   3,  12), (   6,  15)]
[(  19,   6), (  22,   9), (  20,   7), (   7,  17), (  17,   4), (  12,  22), (  14,   1), (  10,  20), (   6,  16), (   5,  15), (  15,   2), (   4,  14), (   8,  18), (   3,  13), (   2,  12), (  18,   5), (  21,   8), (  16,   3), (  11,  21), (   9,  19), (   1,  11)]
[(  21,   9), (  20,   8), (  11,  22), (   2,  13), (  14,   2), (   9,  20), (  15,   3), (   4,  15), (   8,  19), (   3,  14), (  13,   1), (  18,   6), (  10,  21), (  17,   5), (  19,   7), (   1,  12), (  22,  10), (   6,  17), (  16,   4), (   5,  16), (   7,  18)]