[(   1,   2), (   2,   3), (   3,   4), (   4,   5), (   5,   6), (   6,   7), (   7,   8), (   8,   9), (   9,  10), (  10,  11), (  11,  12), (  12,  13), (  13,  14), (  14,  15), (  15,  16), (  16,  17), (  17,  18), (  18,  19), (  19,  20), (  20,  21), (  21,  22)]
[(  14,  16), (  20,  22), (   8,  10), (  15,  17), (  22,   1), (  17,  19), (  10,  12), (  11,  13), (  19,  21), (   1,   3), (  13,  15), (  18,  20), (  16,  18), (   5,   7), (   6,   8), (   2,   4), (   4,   6), (   9,  11), (   7,   9), (  12,  14), (   3,   5)]
[(   5,   8), (  15,  18), (  22,   2), (  10,  13), (  17,  20), (  18,  21), (  16,  19), (  19,  22), (  13,  16), (  14,  17), (   4,   7), (   2,   5), (   3,   6), (   8,  11), (   1,   4), (  12,  15), (  11,  14), (   7,  10), (  21,   1), (   6,   9), (   9,  12)]
[(  13,  17), (   6,  10), (  11,  15), (   7,  11), (   9,  13), (  12,  16), (   1,   5), (  16,  20), (  20,   1), (   8,  12), (  22,   3), (  17,  21), (  15,  19), (   2,   6), (  18,  22), (  10,  14), (   5,   9), (  21,   2), (  14,  18), (   3,   7), (   4,   8)]
[(   6,  11), (   9,  14), (  14,  19), (  16,  21), (   7,  12), (  22,   4), (  13,  18), (  10,  15), (   2,   7), (  20,   2), (   1,   6), (   3,   8), (   4,   9), (  19,   1), (   5,  10), (   8,  13), (  21,   3), (  12,  17), (  11,  16), (  17,  22), (  15,  20)]
[(  15,  21), (  11,  17), (  18,   1), (  14,  20), (  21,   4), (   9,  15), (  20,   3), (   1,   7), (   6,  12), (  13,  19), (  10,  16), (   4,  10), (   5,  11), (  12,  18), (   3,   9), (  22,   5), (  16,  22), (   8,  14), (   2,   8), (  19,   2), (   7,  13)]
[(   3,  10), (   5,  12), (   9,  16), (   2,   9), (  11,  18), (   1,   8), (  15,  22), (  18,   2), (   4,  11), (  21,   5), (  14,  21), (   7,  14), (  17,   1), (  20,   4), (  12,  19), (  19,   3), (  13,  20), (  22,   6), (   6,  13), (   8,  15), (  10,  17)]
[(  12,  20), (  19,   4), (   5,  13), (  18,   3), (   8,  16), (   3,  11), (   6,  14), (  21,   6), (  14,  22), (  22,   7), (  17,   2), (  16,   1), (   2,  10), (   9,  17), (  13,  21), (   1,   9), (   7,  15), (  20,   5), (   4,  12), (  10,  18), (  11,  19)]
[(  18,   4), (   7,  16), (  12,  21), (  22,   8), (  10,  19), (   5,  14), (   2,  11), (   3,  12), (   8,  17), (   9,  18), (  19,   5), (   6,  15), (  21,   7), (  13,  22), (  11,  20), (  20,   6), (   1,  10), (  15,   1), (  17,   3), (   4,  13), (  16,   2)]
[(  22,   9), (  21,   8), (  20,   7), (  19,   6), (  15,   2), (  10,  20), (  17,   4), (   4,  14), (  18,   5), (   6,  16), (   8,  18), (   9,  19), (  12,  22), (  16,   3), (   7,  17), (  11,  21), (   2,  12), (   3,  13), (   5,  15), (   1,  11), (  14,   1)]
[(  19,   7), (  13,   1), (   6,  17), (   1,  12), (   3,  14), (   2,  13), (  21,   9), (  17,   5), (  15,   3), (   4,  15), (   9,  20), (  11,  22), (  20,   8), (  10,  21), (  14,   2), (   7,  18), (   8,  19), (  16,   4), (  22,  10), (   5,  16), (  18,   6)]