[(   1,   2), (   2,   3), (   3,   4), (   4,   5), (   5,   6), (   6,   7), (   7,   8), (   8,   9), (   9,  10), (  10,  11), (  11,  12), (  12,  13), (  13,  14), (  14,  15), (  15,  16), (  16,  17), (  17,  18), (  18,  19), (  19,  20), (  20,  21), (  21,  22)]
[(  13,  15), (  14,  16), (   5,   7), (  18,  20), (  10,  12), (  11,  13), (  12,  14), (  17,  19), (  20,  22), (   1,   3), (  22,   1), (  15,  17), (   2,   4), (  19,  21), (   4,   6), (   6,   8), (   7,   9), (   8,  10), (   9,  11), (  16,  18), (   3,   5)]
[(   6,   9), (   4,   7), (   8,  11), (  13,  16), (  11,  14), (  15,  18), (  22,   2), (  12,  15), (  14,  17), (  17,  20), (  16,  19), (   3,   6), (  18,  21), (   2,   5), (  19,  22), (   7,  10), (  10,  13), (  21,   1), (   1,   4), (   5,   8), (   9,  12)]
[(  12,  16), (   1,   5), (  14,  18), (   8,  12), (  16,  20), (  21,   2), (  17,  21), (  22,   3), (  11,  15), (   5,   9), (   6,  10), (  18,  22), (   3,   7), (   7,  11), (  10,  14), (  20,   1), (   4,   8), (   9,  13), (  13,  17), (   2,   6), (  15,  19)]
[(  14,  19), (  13,  18), (  10,  15), (  17,  22), (  21,   3), (  19,   1), (  15,  20), (   1,   6), (   3,   8), (  22,   4), (   8,  13), (   5,  10), (   6,  11), (  12,  17), (   7,  12), (   4,   9), (  20,   2), (   2,   7), (  16,  21), (   9,  14), (  11,  16)]
[(   5,  11), (   9,  15), (  19,   2), (   1,   7), (   2,   8), (  22,   5), (   3,   9), (  10,  16), (  21,   4), (  13,  19), (  20,   3), (  14,  20), (  16,  22), (   4,  10), (  18,   1), (  12,  18), (  15,  21), (  11,  17), (   6,  12), (   7,  13), (   8,  14)]
[(  20,   4), (  10,  17), (  13,  20), (   2,   9), (  15,  22), (   9,  16), (   6,  13), (  11,  18), (  18,   2), (  14,  21), (   7,  14), (   4,  11), (   8,  15), (   1,   8), (  21,   5), (  19,   3), (  22,   6), (   5,  12), (   3,  10), (  12,  19), (  17,   1)]
[(  22,   7), (  21,   6), (  16,   1), (   6,  14), (  19,   4), (   4,  12), (  10,  18), (  20,   5), (   5,  13), (   8,  16), (  17,   2), (   1,   9), (  12,  20), (  18,   3), (   9,  17), (  13,  21), (  11,  19), (  14,  22), (   7,  15), (   3,  11), (   2,  10)]
[(  17,   3), (  11,  20), (  12,  21), (  10,  19), (   9,  18), (   8,  17), (  19,   5), (  21,   7), (   7,  16), (   6,  15), (  18,   4), (  16,   2), (   1,  10), (  13,  22), (   2,  11), (   5,  14), (   3,  12), (  20,   6), (  22,   8), (  15,   1), (   4,  13)]
[(   8,  18), (  12,  22), (  22,   9), (  11,  21), (   7,  17), (  10,  20), (   1,  11), (   4,  14), (  19,   6), (   2,  12), (   5,  15), (  21,   8), (   9,  19), (   6,  16), (   3,  13), (  15,   2), (  14,   1), (  16,   3), (  18,   5), (  17,   4), (  20,   7)]
[(  10,  21), (   8,  19), (   6,  17), (  15,   3), (  13,   1), (   3,  14), (  16,   4), (   2,  13), (   1,  12), (   7,  18), (  21,   9), (  19,   7), (  17,   5), (   9,  20), (  20,   8), (  11,  22), (   5,  16), (   4,  15), (  14,   2), (  22,  10), (  18,   6)]