[(   1,   2), (   2,   3), (   3,   4), (   4,   5), (   5,   6), (   6,   7), (   7,   8), (   8,   9), (   9,  10), (  10,  11), (  11,  12), (  12,  13), (  13,  14), (  14,  15), (  15,  16), (  16,  17), (  17,  18), (  18,  19), (  19,  20), (  20,  21), (  21,  22)]
[(   6,   8), (  10,  12), (  12,  14), (  15,  17), (  22,   1), (   3,   5), (  19,  21), (  14,  16), (   2,   4), (   7,   9), (  18,  20), (   4,   6), (  17,  19), (  20,  22), (   9,  11), (   1,   3), (  13,  15), (   5,   7), (  11,  13), (  16,  18), (   8,  10)]
[(  18,  21), (  15,  18), (  13,  16), (   6,   9), (   9,  12), (  17,  20), (   1,   4), (  22,   2), (  16,  19), (   2,   5), (  10,  13), (  21,   1), (   8,  11), (   5,   8), (   4,   7), (   7,  10), (  19,  22), (   3,   6), (  14,  17), (  11,  14), (  12,  15)]
[(  10,  14), (   9,  13), (   7,  11), (   8,  12), (  17,  21), (   4,   8), (   2,   6), (  11,  15), (  18,  22), (  15,  19), (  22,   3), (   5,   9), (  16,  20), (   6,  10), (  20,   1), (  14,  18), (  21,   2), (  12,  16), (   1,   5), (   3,   7), (  13,  17)]
[(  15,  20), (  16,  21), (  19,   1), (  14,  19), (  13,  18), (   9,  14), (  11,  16), (   7,  12), (   8,  13), (  17,  22), (   4,   9), (  20,   2), (   1,   6), (  21,   3), (  12,  17), (   6,  11), (   3,   8), (  10,  15), (  22,   4), (   5,  10), (   2,   7)]
[(   7,  13), (  22,   5), (   2,   8), (  18,   1), (  10,  16), (  16,  22), (   9,  15), (  20,   3), (  14,  20), (   8,  14), (   1,   7), (  11,  17), (   4,  10), (  12,  18), (  19,   2), (  15,  21), (   5,  11), (  21,   4), (   6,  12), (  13,  19), (   3,   9)]
[(   5,  12), (   1,   8), (  15,  22), (   3,  10), (  19,   3), (  12,  19), (  10,  17), (  17,   1), (  21,   5), (  20,   4), (  14,  21), (   8,  15), (  18,   2), (   4,  11), (   6,  13), (   2,   9), (   7,  14), (  13,  20), (   9,  16), (  22,   6), (  11,  18)]
[(  11,  19), (   6,  14), (  21,   6), (  13,  21), (   7,  15), (  10,  18), (  12,  20), (   5,  13), (   3,  11), (  16,   1), (   8,  16), (  14,  22), (  22,   7), (  17,   2), (  18,   3), (  20,   5), (   4,  12), (   9,  17), (   2,  10), (   1,   9), (  19,   4)]
[(  17,   3), (  11,  20), (   9,  18), (  16,   2), (   2,  11), (  15,   1), (  13,  22), (  18,   4), (   6,  15), (  12,  21), (  19,   5), (  10,  19), (   3,  12), (   7,  16), (   5,  14), (   4,  13), (   1,  10), (  22,   8), (  21,   7), (   8,  17), (  20,   6)]
[(  22,   9), (  17,   4), (  10,  20), (  20,   7), (   4,  14), (  11,  21), (  18,   5), (  19,   6), (   7,  17), (   3,  13), (  15,   2), (  16,   3), (   5,  15), (   9,  19), (  21,   8), (  12,  22), (   6,  16), (   1,  11), (   8,  18), (   2,  12), (  14,   1)]
[(  16,   4), (  19,   7), (  17,   5), (  11,  22), (  20,   8), (   2,  13), (   3,  14), (  10,  21), (   1,  12), (  18,   6), (   6,  17), (   7,  18), (  21,   9), (  13,   1), (  22,  10), (   8,  19), (   9,  20), (  14,   2), (  15,   3), (   4,  15), (   5,  16)]