[(   1,   2), (   2,   3), (   3,   4), (   4,   5), (   5,   6), (   6,   7), (   7,   8), (   8,   9), (   9,  10), (  10,  11), (  11,  12), (  12,  13), (  13,  14), (  14,  15), (  15,  16), (  16,  17), (  17,  18), (  18,  19), (  19,  20), (  20,  21), (  21,  22), (  22,  23), (  23,  24), (  24,  25), (  25,  26), (  26,  27), (  27,  28), (  28,  29), (  29,  30)]
[(  27,  29), (  13,  15), (  15,  17), (   6,   8), (  18,  20), (  12,  14), (  14,  16), (  26,  28), (   2,   4), (  20,  22), (  22,  24), (   5,   7), (   8,  10), (  28,  30), (  21,  23), (   1,   3), (   3,   5), (   9,  11), (  30,   1), (   4,   6), (  10,  12), (  24,  26), (  16,  18), (   7,   9), (  17,  19), (  19,  21), (  23,  25), (  25,  27), (  11,  13)]
[(  21,  24), (   1,   4), (  23,  26), (  24,  27), (  16,  19), (  26,  29), (  10,  13), (  30,   2), (  19,  22), (  29,   1), (   7,  10), (   3,   6), (  22,  25), (  17,  20), (   2,   5), (  11,  14), (   8,  11), (  27,  30), (  18,  21), (  13,  16), (  20,  23), (  25,  28), (   5,   8), (  15,  18), (  12,  15), (  14,  17), (   9,  12), (   6,   9), (   4,   7)]
[(  22,  26), (  17,  21), (   1,   5), (  30,   3), (   4,   8), (  24,  28), (  28,   1), (  16,  20), (  23,  27), (   9,  13), (  13,  17), (  18,  22), (  12,  16), (  25,  29), (   7,  11), (   2,   6), (   6,  10), (   8,  12), (  11,  15), (  26,  30), (   5,   9), (  10,  14), (  21,  25), (  29,   2), (  14,  18), (   3,   7), (  15,  19), (  19,  23), (  20,  24)]
[(  10,  15), (   9,  14), (  25,  30), (  12,  17), (  28,   2), (   4,   9), (  24,  29), (   5,  10), (   7,  12), (  19,  24), (  30,   4), (  20,  25), (  21,  26), (   8,  13), (  13,  18), (  18,  23), (  23,  28), (  15,  20), (   2,   7), (  22,  27), (  29,   3), (   3,   8), (  14,  19), (  27,   1), (   1,   6), (   6,  11), (  11,  16), (  16,  21), (  17,  22)]
[(   8,  14), (  19,  25), (  10,  16), (  15,  21), (   7,  13), (  21,  27), (  20,  26), (  13,  19), (  11,  17), (  27,   2), (  14,  20), (  23,  29), (  17,  23), (   3,   9), (  28,   3), (  22,  28), (  16,  22), (  26,   1), (   4,  10), (   2,   8), (   1,   7), (   6,  12), (  29,   4), (   5,  11), (  30,   5), (  24,  30), (  18,  24), (  12,  18), (   9,  15)]
[(  28,   4), (  23,  30), (  14,  21), (  16,  23), (  25,   1), (  15,  22), (  11,  18), (  22,  29), (  29,   5), (   8,  15), (  18,  25), (   1,   8), (   2,   9), (   5,  12), (  20,  27), (  19,  26), (  26,   2), (   7,  14), (  27,   3), (  17,  24), (   6,  13), (   4,  11), (  30,   6), (  12,  19), (   9,  16), (  13,  20), (   3,  10), (  10,  17), (  21,  28)]
[(   9,  17), (  20,  28), (  11,  19), (   2,  10), (  15,  23), (  17,  25), (  25,   2), (  24,   1), (  13,  21), (  18,  26), (  26,   3), (  16,  24), (  29,   6), (  19,  27), (   6,  14), (   4,  12), (  12,  20), (  21,  29), (  14,  22), (   3,  11), (   8,  16), (   5,  13), (   1,   9), (  22,  30), (  27,   4), (  28,   5), (  30,   7), (   7,  15), (  10,  18)]
[(   7,  16), (  27,   5), (  13,  22), (   9,  18), (  12,  21), (   1,  10), (   6,  15), (  14,  23), (  15,  24), (  28,   6), (  23,   1), (  10,  19), (  19,  28), (   2,  11), (  30,   8), (  20,  29), (  29,   7), (  24,   2), (   8,  17), (   5,  14), (  18,  27), (  21,  30), (   3,  12), (  17,  26), (  11,  20), (  16,  25), (  26,   4), (   4,  13), (  25,   3)]
[(   3,  13), (   6,  16), (  28,   7), (  19,  29), (  14,  24), (   8,  18), (  17,  27), (  11,  21), (  20,  30), (   7,  17), (  29,   8), (  30,   9), (  24,   3), (  16,  26), (  12,  22), (   5,  15), (  15,  25), (  13,  23), (  26,   5), (  18,  28), (  25,   4), (   9,  19), (  10,  20), (   4,  14), (  23,   2), (   2,  12), (  22,   1), (   1,  11), (  27,   6)]
[(  12,  23), (   7,  18), (   9,  20), (  14,  25), (  29,   9), (   5,  16), (  23,   3), (   6,  17), (  26,   6), (   3,  14), (  16,  27), (  15,  26), (  27,   7), (  21,   1), (  24,   4), (  30,  10), (  19,  30), (  25,   5), (  13,  24), (   1,  12), (  17,  28), (  18,  29), (  11,  22), (  10,  21), (  28,   8), (   4,  15), (   2,  13), (  22,   2), (   8,  19)]
[(  18,  30), (  12,  24), (  27,   8), (  20,   1), (  22,   3), (  11,  23), (   9,  21), (   3,  15), (  16,  28), (  23,   4), (  28,   9), (  21,   2), (  30,  11), (   6,  18), (  17,  29), (  13,  25), (   1,  13), (   4,  16), (  25,   6), (   7,  19), (  14,  26), (  15,  27), (  26,   7), (   8,  20), (  10,  22), (  29,  10), (   5,  17), (  24,   5), (   2,  14)]
[(   6,  19), (  29,  11), (  24,   6), (  13,  26), (  17,  30), (  20,   2), (  30,  12), (  25,   7), (   1,  14), (  12,  25), (   2,  15), (   4,  17), (   5,  18), (  22,   4), (  19,   1), (  27,   9), (  14,  27), (  28,  10), (  16,  29), (  10,  23), (  11,  24), (   7,  20), (  15,  28), (   3,  16), (  21,   3), (   9,  22), (   8,  21), (  26,   8), (  23,   5)]
[(  11,  25), (   8,  22), (  29,  12), (  28,  11), (  27,  10), (  30,  13), (  22,   5), (   4,  18), (  25,   8), (  16,  30), (   5,  19), (  14,  28), (   1,  15), (  10,  24), (  26,   9), (   7,  21), (  21,   4), (   3,  17), (   9,  23), (  15,  29), (  19,   2), (   2,  16), (  13,  27), (  23,   6), (  24,   7), (  18,   1), (   6,  20), (  20,   3), (  12,  26)]
[(   5,  20), (  26,  10), (  18,   2), (   7,  22), (  11,  26), (  19,   3), (   4,  19), (  12,  27), (   3,  18), (  21,   5), (   6,  21), (  27,  11), (  20,   4), (  23,   7), (  10,  25), (  24,   8), (   9,  24), (  22,   6), (  28,  12), (  25,   9), (  15,  30), (  17,   1), (   2,  17), (  13,  28), (  29,  13), (   8,  23), (  14,  29), (  30,  14), (   1,  16)]