[(   1,   2), (   2,   3), (   3,   4), (   4,   5), (   5,   6), (   6,   7), (   7,   8), (   8,   9), (   9,  10), (  10,  11), (  11,  12), (  12,  13), (  13,  14), (  14,  15), (  15,  16), (  16,  17), (  17,  18), (  18,  19), (  19,  20), (  20,  21), (  21,  22), (  22,  23), (  23,  24), (  24,  25), (  25,  26), (  26,  27), (  27,  28), (  28,  29), (  29,  30), (  30,  31), (  31,  32), (  32,  33), (  33,  34), (  34,  35), (  35,  36)]
[(  32,  34), (   5,   7), (  25,  27), (  15,  17), (  18,  20), (   1,   3), (  22,  24), (  27,  29), (   4,   6), (  30,  32), (  29,  31), (  20,  22), (  24,  26), (  17,  19), (  26,  28), (  28,  30), (  12,  14), (  10,  12), (  21,  23), (   3,   5), (  13,  15), (  36,   1), (   7,   9), (   8,  10), (  31,  33), (   2,   4), (  14,  16), (  33,  35), (  19,  21), (   9,  11), (  34,  36), (  23,  25), (   6,   8), (  11,  13), (  16,  18)]
[(   4,   7), (  35,   1), (  13,  16), (  25,  28), (  31,  34), (  19,  22), (   9,  12), (  10,  13), (  21,  24), (  22,  25), (  16,  19), (  30,  33), (   6,   9), (  23,  26), (  29,  32), (  26,  29), (   7,  10), (   8,  11), (  33,  36), (  24,  27), (  27,  30), (  15,  18), (  11,  14), (  36,   2), (  12,  15), (  28,  31), (  17,  20), (   2,   5), (  20,  23), (  32,  35), (   3,   6), (  14,  17), (   1,   4), (  18,  21), (   5,   8)]
[(   9,  13), (  22,  26), (  30,  34), (  29,  33), (  26,  30), (  12,  16), (  17,  21), (   1,   5), (  28,  32), (  13,  17), (   5,   9), (   3,   7), (   8,  12), (   6,  10), (  14,  18), (  10,  14), (  34,   1), (  23,  27), (   7,  11), (  32,  36), (  36,   3), (  20,  24), (  27,  31), (  11,  15), (  16,  20), (  25,  29), (  35,   2), (  15,  19), (   2,   6), (  18,  22), (   4,   8), (  31,  35), (  21,  25), (  24,  28), (  19,  23)]
[(  17,  22), (  27,  32), (  24,  29), (  11,  16), (  14,  19), (  25,  30), (  26,  31), (  20,  25), (   2,   7), (  15,  20), (  13,  18), (   1,   6), (  28,  33), (   4,   9), (  36,   4), (   8,  13), (   3,   8), (  34,   2), (  30,  35), (  33,   1), (   7,  12), (  29,  34), (   5,  10), (  12,  17), (  35,   3), (  19,  24), (  18,  23), (   6,  11), (  22,  27), (  23,  28), (  16,  21), (  10,  15), (  31,  36), (   9,  14), (  21,  26)]
[(  15,  21), (   8,  14), (   2,   8), (  30,  36), (   9,  15), (  14,  20), (  13,  19), (  24,  30), (  11,  17), (  23,  29), (  28,  34), (  25,  31), (  35,   4), (  21,  27), (  17,  23), (  27,  33), (  19,  25), (  29,  35), (  12,  18), (   6,  12), (  26,  32), (   3,   9), (  22,  28), (   7,  13), (  36,   5), (  16,  22), (   1,   7), (  10,  16), (  32,   1), (  33,   2), (  20,  26), (   5,  11), (  18,  24), (   4,  10), (  34,   3)]
[(  12,  19), (  10,  17), (   5,  12), (   3,  10), (  21,  28), (  28,  35), (  35,   5), (  19,  26), (  18,  25), (   9,  16), (  33,   3), (  34,   4), (  16,  23), (   1,   8), (  24,  31), (  31,   1), (  26,  33), (  36,   6), (  27,  34), (  11,  18), (   4,  11), (  32,   2), (  29,  36), (  20,  27), (   2,   9), (  14,  21), (  15,  22), (  13,  20), (   8,  15), (  17,  24), (  23,  30), (  22,  29), (   7,  14), (  25,  32), (   6,  13)]
[(  25,  33), (  23,  31), (  20,  28), (  12,  20), (  24,  32), (   5,  13), (   6,  14), (  32,   3), (  27,  35), (  31,   2), (  15,  23), (  21,  29), (  22,  30), (  28,  36), (  35,   6), (  36,   7), (  13,  21), (  14,  22), (  16,  24), (   8,  16), (  10,  18), (   4,  12), (  17,  25), (  34,   5), (  11,  19), (   9,  17), (  26,  34), (   1,   9), (  18,  26), (   7,  15), (   2,  10), (  19,  27), (   3,  11), (  30,   1), (  33,   4)]
[(  36,   8), (  12,  21), (   1,  10), (  26,  35), (  16,  25), (   9,  18), (  25,  34), (  35,   7), (   5,  14), (  27,  36), (   8,  17), (  18,  27), (  11,  20), (  24,  33), (  33,   5), (  15,  24), (   2,  11), (  21,  30), (  29,   1), (  22,  31), (  14,  23), (  19,  28), (  30,   2), (  31,   3), (  23,  32), (  34,   6), (   4,  13), (  32,   4), (   7,  16), (  10,  19), (  13,  22), (   3,  12), (  17,  26), (   6,  15), (  20,  29)]
[(  30,   3), (  20,  30), (  36,   9), (  34,   7), (   3,  13), (  26,  36), (  23,  33), (   6,  16), (  16,  26), (  33,   6), (  10,  20), (   9,  19), (  19,  29), (  29,   2), (   2,  12), (  12,  22), (  22,  32), (  32,   5), (   5,  15), (  15,  25), (  25,  35), (  35,   8), (   8,  18), (  18,  28), (  28,   1), (   1,  11), (  11,  21), (  21,  31), (  31,   4), (   4,  14), (  14,  24), (  24,  34), (  13,  23), (   7,  17), (  17,  27)]
[(  16,  27), (   4,  15), (  15,  26), (   8,  19), (  33,   7), (  23,  34), (  27,   1), (  12,  23), (   1,  12), (  34,   8), (  30,   4), (   5,  16), (  31,   5), (  20,  31), (   9,  20), (  35,   9), (  24,  35), (  13,  24), (   2,  13), (  28,   2), (  17,  28), (   6,  17), (  32,   6), (  21,  32), (  10,  21), (  36,  10), (  25,  36), (  14,  25), (   3,  14), (  29,   3), (  18,  29), (   7,  18), (  19,  30), (  22,  33), (  11,  22)]
[(  23,  35), (  16,  28), (  11,  23), (   9,  21), (  35,  10), (  21,  33), (  36,  11), (  22,  34), (  19,  31), (  12,  24), (  26,   1), (  24,  36), (  27,   2), (  32,   7), (   7,  19), (  20,  32), (  15,  27), (  28,   3), (  14,  26), (  17,  29), (  31,   6), (  13,  25), (   3,  15), (  29,   4), (   6,  18), (  33,   8), (  30,   5), (  18,  30), (  34,   9), (   1,  13), (   5,  17), (   4,  16), (  10,  22), (   8,  20), (   2,  14)]
[(  18,  31), (  11,  24), (  19,  32), (  14,  27), (  36,  12), (   2,  15), (  28,   4), (  15,  28), (  20,  33), (   1,  14), (  22,  35), (  10,  23), (  21,  34), (   3,  16), (  27,   3), (   6,  19), (  30,   6), (   7,  20), (   4,  17), (  34,  10), (  33,   9), (  31,   7), (  13,  26), (   9,  22), (  17,  30), (   5,  18), (  32,   8), (  23,  36), (  35,  11), (   8,  21), (  12,  25), (  26,   2), (  29,   5), (  16,  29), (  25,   1)]
[(   6,  20), (  29,   6), (   7,  21), (  18,  32), (  27,   4), (  31,   8), (  15,  29), (   4,  18), (  22,  36), (   5,  19), (  25,   2), (  14,  28), (   3,  17), (  11,  25), (   8,  22), (  34,  11), (  28,   5), (  17,  31), (  32,   9), (   9,  23), (  24,   1), (  16,  30), (  21,  35), (  19,  33), (  13,  27), (  35,  12), (  33,  10), (  12,  26), (  10,  24), (  20,  34), (   1,  15), (  36,  13), (   2,  16), (  26,   3), (  30,   7)]
[(  14,  29), (  19,  34), (  18,  33), (  24,   2), (   8,  23), (  17,  32), (   3,  18), (  36,  14), (  30,   8), (  26,   4), (  21,  36), (   2,  17), (  32,  10), (  35,  13), (  10,  25), (  25,   3), (  16,  31), (   1,  16), (  28,   6), (   4,  19), (   5,  20), (  11,  26), (  34,  12), (  23,   1), (  29,   7), (  15,  30), (  31,   9), (   7,  22), (  13,  28), (  12,  27), (  33,  11), (   6,  21), (  20,  35), (  27,   5), (   9,  24)]
[(  10,  26), (   9,  25), (   6,  22), (  22,   1), (   1,  17), (  11,  27), (  16,  32), (  17,  33), (  13,  29), (  28,   7), (  27,   6), (  32,  11), (  36,  15), (  18,  34), (  34,  13), (   2,  18), (  20,  36), (  25,   4), (  31,  10), (  35,  14), (  29,   8), (   5,  21), (   4,  20), (  14,  30), (   8,  24), (   7,  23), (   3,  19), (  24,   3), (  33,  12), (  26,   5), (  19,  35), (  30,   9), (  12,  28), (  23,   2), (  15,  31)]
[(  11,  28), (  33,  13), (  14,  31), (   6,  23), (  22,   2), (  24,   4), (  30,  10), (  31,  11), (  23,   3), (  18,  35), (   7,  24), (  35,  15), (   1,  18), (   5,  22), (  21,   1), (   4,  21), (  29,   9), (   9,  26), (   8,  25), (  13,  30), (   2,  19), (  10,  27), (  16,  33), (  26,   6), (  34,  14), (   3,  20), (  12,  29), (  17,  34), (  25,   5), (  36,  16), (  27,   7), (  28,   8), (  15,  32), (  19,  36), (  32,  12)]
[(  24,   5), (  18,  36), (  17,  35), (  13,  31), (  11,  29), (  29,  10), (   2,  20), (  21,   2), (  34,  15), (   3,  21), (  14,  32), (   8,  26), (   7,  25), (  12,  30), (  30,  11), (   5,  23), (  23,   4), (  15,  33), (  22,   3), (  26,   7), (  16,  34), (  33,  14), (   1,  19), (  35,  16), (   4,  22), (  32,  13), (   6,  24), (  27,   8), (  36,  17), (  25,   6), (  28,   9), (  20,   1), (   9,  27), (  31,  12), (  10,  28)]