[(   1,   2), (   2,   3), (   3,   4), (   4,   5), (   5,   6), (   6,   7), (   7,   8), (   8,   9), (   9,  10), (  10,  11), (  11,  12), (  12,  13), (  13,  14), (  14,  15), (  15,  16), (  16,  17), (  17,  18), (  18,  19), (  19,  20), (  20,  21), (  21,  22), (  22,  23), (  23,  24), (  24,  25), (  25,  26), (  26,  27), (  27,  28), (  28,  29), (  29,  30), (  30,  31), (  31,  32), (  32,  33), (  33,  34), (  34,  35), (  35,  36), (  36,  37), (  37,  38), (  38,  39), (  39,  40), (  40,  41), (  41,  42)]
[(  39,  41), (  37,  39), (  28,  30), (  34,  36), (  42,   1), (  15,  17), (  10,  12), (  25,  27), (  33,  35), (   1,   3), (  22,  24), (  21,  23), (  27,  29), (   7,   9), (  17,  19), (   9,  11), (  31,  33), (   8,  10), (  29,  31), (  35,  37), (  36,  38), (  40,  42), (  26,  28), (   4,   6), (  20,  22), (  11,  13), (  13,  15), (  32,  34), (  16,  18), (  23,  25), (  24,  26), (  19,  21), (   5,   7), (  18,  20), (   3,   5), (  12,  14), (   6,   8), (   2,   4), (  14,  16), (  30,  32), (  38,  40)]
[(  17,  20), (  18,  21), (  12,  15), (  13,  16), (  38,  41), (  26,  29), (   1,   4), (  37,  40), (  36,  39), (  27,  30), (  30,  33), (  24,  27), (  22,  25), (  42,   2), (  39,  42), (  34,  37), (   5,   8), (  25,  28), (  21,  24), (  29,  32), (   4,   7), (  16,  19), (   6,   9), (  10,  13), (  28,  31), (  14,  17), (  31,  34), (   3,   6), (   2,   5), (  33,  36), (   7,  10), (   8,  11), (  32,  35), (  41,   1), (   9,  12), (  35,  38), (  19,  22), (  20,  23), (  15,  18), (  23,  26), (  11,  14)]
[(   4,   8), (   8,  12), (  18,  22), (  42,   3), (  10,  14), (  28,  32), (  27,  31), (  32,  36), (  14,  18), (  12,  16), (  34,  38), (  37,  41), (  19,  23), (  20,  24), (  40,   1), (  21,  25), (  41,   2), (  35,  39), (   9,  13), (  26,  30), (  31,  35), (   2,   6), (   7,  11), (  22,  26), (   1,   5), (   5,   9), (  25,  29), (  17,  21), (   3,   7), (  16,  20), (  36,  40), (  38,  42), (  23,  27), (  29,  33), (  24,  28), (  15,  19), (  11,  15), (   6,  10), (  33,  37), (  13,  17), (  30,  34)]
[(  14,  19), (  30,  35), (  40,   2), (  26,  31), (  23,  28), (  25,  30), (  35,  40), (  33,  38), (   7,  12), (   9,  14), (  36,  41), (   5,  10), (  15,  20), (  31,  36), (  20,  25), (  28,  33), (  24,  29), (  32,  37), (   3,   8), (  22,  27), (  27,  32), (  41,   3), (  13,  18), (  37,  42), (  12,  17), (  34,  39), (  21,  26), (   2,   7), (  19,  24), (  42,   4), (  18,  23), (  17,  22), (  10,  15), (   4,   9), (  16,  21), (   1,   6), (  29,  34), (  11,  16), (   8,  13), (   6,  11), (  39,   1)]
[(   3,   9), (   1,   7), (  31,  37), (  24,  30), (  29,  35), (  36,  42), (  42,   5), (   6,  12), (  11,  17), (  22,  28), (  23,  29), (  26,  32), (  35,  41), (  27,  33), (  32,  38), (  12,  18), (   4,  10), (  40,   3), (  28,  34), (  13,  19), (  17,  23), (   5,  11), (  33,  39), (  34,  40), (  21,  27), (   2,   8), (  39,   2), (   9,  15), (  41,   4), (   8,  14), (  14,  20), (  20,  26), (  30,  36), (  16,  22), (  38,   1), (  10,  16), (   7,  13), (  15,  21), (  19,  25), (  18,  24), (  25,  31)]
[(  23,  30), (  10,  17), (  14,  21), (   8,  15), (  20,  27), (  37,   1), (  30,  37), (  11,  18), (  16,  23), (  18,  25), (   2,   9), (   1,   8), (  31,  38), (   5,  12), (   3,  10), (  42,   6), (  13,  20), (   9,  16), (  32,  39), (  40,   4), (  39,   3), (  29,  36), (  12,  19), (  28,  35), (  33,  40), (  24,  31), (   4,  11), (  19,  26), (  26,  33), (  41,   5), (  34,  41), (  27,  34), (  38,   2), (  17,  24), (   6,  13), (  22,  29), (  35,  42), (  25,  32), (  21,  28), (   7,  14), (  15,  22)]
[(  27,  35), (  19,  27), (   1,   9), (  33,  41), (  16,  24), (  40,   5), (  13,  21), (  14,  22), (  37,   2), (  26,  34), (   6,  14), (  11,  19), (  24,  32), (  39,   4), (   4,  12), (  36,   1), (  15,  23), (  23,  31), (  22,  30), (  42,   7), (  34,  42), (  31,  39), (  29,  37), (   9,  17), (   2,  10), (  41,   6), (  38,   3), (  25,  33), (  20,  28), (   7,  15), (   3,  11), (  10,  18), (   8,  16), (  32,  40), (  17,  25), (   5,  13), (  12,  20), (  18,  26), (  30,  38), (  28,  36), (  21,  29)]
[(  29,  38), (  15,  24), (  17,  26), (  12,  21), (   3,  12), (  14,  23), (  11,  20), (  26,  35), (  21,  30), (  24,  33), (  10,  19), (  40,   6), (  42,   8), (  25,  34), (  28,  37), (  23,  32), (  35,   1), (   6,  15), (   7,  16), (   2,  11), (   5,  14), (   9,  18), (   8,  17), (  39,   5), (  38,   4), (  16,  25), (  41,   7), (   1,  10), (  27,  36), (  13,  22), (  30,  39), (  36,   2), (  19,  28), (  37,   3), (  32,  41), (  18,  27), (  31,  40), (  22,  31), (  20,  29), (  33,  42), (   4,  13)]
[(   5,  15), (  16,  26), (  29,  39), (   9,  19), (  22,  32), (   3,  13), (  18,  28), (  10,  20), (  24,  34), (  32,  42), (  40,   7), (  15,  25), (   6,  16), (  28,  38), (  23,  33), (  20,  30), (  30,  40), (  11,  21), (  26,  36), (  39,   6), (   2,  12), (  37,   4), (  38,   5), (  21,  31), (  42,   9), (  36,   3), (  14,  24), (   8,  18), (  25,  35), (  19,  29), (  35,   2), (   4,  14), (  12,  22), (  13,  23), (  27,  37), (  31,  41), (  17,  27), (  41,   8), (   1,  11), (  34,   1), (   7,  17)]
[(  11,  22), (  22,  33), (  24,  35), (  29,  40), (  25,  36), (  41,   9), (  23,  34), (   2,  13), (  40,   8), (  36,   4), (  17,  28), (  28,  39), (  37,   5), (  10,  21), (   7,  18), (   4,  15), (  39,   7), (  30,  41), (  42,  10), (   3,  14), (  15,  26), (  27,  38), (  31,  42), (  12,  23), (  13,  24), (  33,   1), (   6,  17), (   5,  16), (  21,  32), (  35,   3), (   8,  19), (   1,  12), (  18,  29), (  38,   6), (  20,  31), (   9,  20), (  14,  25), (  19,  30), (  34,   2), (  16,  27), (  26,  37)]
[(  25,  37), (  29,  41), (  13,  25), (  32,   1), (  40,   9), (   4,  16), (  17,  29), (  19,  31), (  26,  38), (   5,  17), (   3,  15), (  30,  42), (  33,   2), (  23,  35), (  22,  34), (   7,  19), (  16,  28), (   1,  13), (   2,  14), (  12,  24), (   6,  18), (  21,  33), (  35,   4), (  38,   7), (  34,   3), (  10,  22), (  20,  32), (  27,  39), (  42,  11), (   9,  21), (  15,  27), (  28,  40), (  37,   6), (  14,  26), (  18,  30), (  11,  23), (  36,   5), (  24,  36), (  41,  10), (  39,   8), (   8,  20)]
[(  18,  31), (  36,   6), (   6,  19), (  14,  27), (  17,  30), (   8,  21), (  25,  38), (  28,  41), (  29,  42), (   7,  20), (  31,   1), (   4,  17), (  34,   4), (  19,  32), (  11,  24), (  38,   8), (  21,  34), (  20,  33), (   5,  18), (  10,  23), (  41,  11), (  13,  26), (  27,  40), (  33,   3), (  16,  29), (  15,  28), (  42,  12), (  22,  35), (   1,  14), (  24,  37), (   9,  22), (   3,  16), (  39,   9), (   2,  15), (  40,  10), (  26,  39), (  32,   2), (  37,   7), (  35,   5), (  12,  25), (  23,  36)]
[(  26,  40), (   9,  23), (  34,   5), (   6,  20), (  37,   8), (  10,  24), (   2,  16), (   7,  21), (  13,  27), (  35,   6), (   4,  18), (  36,   7), (  12,  26), (   3,  17), (  27,  41), (  31,   2), (  32,   3), (  22,  36), (  41,  12), (   1,  15), (  16,  30), (  14,  28), (  20,  34), (  15,  29), (  18,  32), (  23,  37), (  19,  33), (  24,  38), (  38,   9), (  40,  11), (  33,   4), (  25,  39), (  11,  25), (  39,  10), (   8,  22), (  28,  42), (  30,   1), (  42,  13), (  17,  31), (  21,  35), (   5,  19)]
[(  34,   6), (  25,  40), (  38,  10), (   7,  22), (  11,  26), (  19,  34), (  26,  41), (  29,   1), (  31,   3), (  41,  13), (  20,  35), (  16,  31), (  39,  11), (  22,  37), (  14,  29), (  24,  39), (  12,  27), (   2,  17), (  23,  38), (  18,  33), (  13,  28), (  15,  30), (  10,  25), (   1,  16), (  36,   8), (  32,   4), (  37,   9), (  40,  12), (   8,  23), (  17,  32), (   6,  21), (  35,   7), (  42,  14), (  21,  36), (   4,  19), (  30,   2), (   9,  24), (  33,   5), (  27,  42), (   5,  20), (   3,  18)]
[(  16,  32), (  32,   5), (  20,  36), (  23,  39), (   2,  18), (  22,  38), (   3,  19), (  42,  15), (   4,  20), (  29,   2), (  21,  37), (  18,  34), (   1,  17), (  40,  13), (   5,  21), (  41,  14), (  38,  11), (  34,   7), (  33,   6), (  25,  41), (   9,  25), (   8,  24), (  30,   3), (  14,  30), (   7,  23), (  19,  35), (  35,   8), (  31,   4), (   6,  22), (  39,  12), (  13,  29), (  15,  31), (  24,  40), (  11,  27), (  26,  42), (  17,  33), (  10,  26), (  28,   1), (  36,   9), (  37,  10), (  12,  28)]
[(   7,  24), (  14,  31), (  42,  16), (  11,  28), (   4,  21), (  18,  35), (  22,  39), (  30,   4), (  15,  32), (  23,  40), (  25,  42), (  29,   3), (  36,  10), (   1,  18), (  35,   9), (  10,  27), (   9,  26), (  12,  29), (  27,   1), (  31,   5), (  20,  37), (  17,  34), (  41,  15), (  19,  36), (  37,  11), (  21,  38), (   5,  22), (  13,  30), (  39,  13), (  28,   2), (  38,  12), (  24,  41), (   3,  20), (   8,  25), (  33,   7), (  34,   8), (  16,  33), (  40,  14), (   6,  23), (   2,  19), (  32,   6)]
[(  10,  28), (  38,  13), (  23,  41), (  35,  10), (  15,  33), (  27,   2), (   6,  24), (  16,  34), (   1,  19), (  21,  39), (   8,  26), (  20,  38), (   3,  21), (  41,  16), (  31,   6), (  22,  40), (  19,  37), (  24,  42), (  40,  15), (  34,   9), (  33,   8), (   7,  25), (  14,  32), (   2,  20), (  39,  14), (  12,  30), (  18,  36), (  36,  11), (  37,  12), (  26,   1), (  42,  17), (   5,  23), (  13,  31), (  30,   5), (  11,  29), (  32,   7), (  28,   3), (  17,  35), (   4,  22), (  29,   4), (   9,  27)]
[(  36,  12), (  28,   4), (  32,   8), (  18,  37), (  31,   7), (  20,  39), (  14,  33), (   5,  24), (  22,  41), (  19,  38), (  13,  32), (  33,   9), (   9,  28), (  11,  30), (  26,   2), (  29,   5), (   6,  25), (  38,  14), (  35,  11), (  17,  36), (  10,  29), (   1,  20), (   2,  21), (   8,  27), (  30,   6), (  42,  18), (  40,  16), (  23,  42), (  15,  34), (  34,  10), (  25,   1), (  37,  13), (  41,  17), (  12,  31), (  39,  15), (  21,  40), (   4,  23), (  27,   3), (   7,  26), (   3,  22), (  16,  35)]
[(  13,  33), (  34,  11), (   7,  27), (  25,   2), (  19,  39), (  11,  31), (  32,   9), (   3,  23), (   5,  25), (  31,   8), (  39,  16), (   2,  22), (  30,   7), (   6,  26), (  36,  13), (  26,   3), (  22,  42), (  27,   4), (  17,  37), (   8,  28), (  24,   1), (  35,  12), (  16,  36), (  41,  18), (  15,  35), (  20,  40), (  10,  30), (  37,  14), (  40,  17), (  18,  38), (  28,   5), (  29,   6), (   1,  21), (  42,  19), (  14,  34), (   4,  24), (  21,  41), (   9,  29), (  12,  32), (  38,  15), (  33,  10)]
[(  21,  42), (  42,  20), (  33,  11), (  17,  38), (  13,  34), (  12,  33), (  15,  36), (  39,  17), (  28,   6), (  37,  15), (  27,   5), (  14,  35), (  40,  18), (   8,  29), (  30,   8), (  35,  13), (  36,  14), (   5,  26), (   4,  25), (  38,  16), (  19,  40), (  32,  10), (   1,  22), (  11,  32), (  41,  19), (  29,   7), (  23,   1), (  20,  41), (  10,  31), (   6,  27), (  16,  37), (   9,  30), (  26,   4), (   7,  28), (   2,  23), (  25,   3), (  18,  39), (  34,  12), (   3,  24), (  31,   9), (  24,   2)]