[(   1,   2), (   2,   3), (   3,   4), (   4,   5), (   5,   6), (   6,   7), (   7,   8), (   8,   9), (   9,  10), (  10,  11), (  11,  12), (  12,  13), (  13,  14), (  14,  15), (  15,  16), (  16,  17), (  17,  18), (  18,  19), (  19,  20), (  20,  21), (  21,  22), (  22,  23), (  23,  24), (  24,  25), (  25,  26), (  26,  27), (  27,  28), (  28,  29), (  29,  30), (  30,  31), (  31,  32), (  32,  33), (  33,  34), (  34,  35), (  35,  36), (  36,  37), (  37,  38), (  38,  39), (  39,  40), (  40,  41), (  41,  42)]
[(  37,  39), (   6,   8), (  14,  16), (  33,  35), (  34,  36), (  21,  23), (   3,   5), (  25,  27), (  24,  26), (  23,  25), (  26,  28), (  17,  19), (   8,  10), (  16,  18), (  12,  14), (   5,   7), (   7,   9), (  29,  31), (  35,  37), (   1,   3), (  11,  13), (  40,  42), (  27,  29), (  30,  32), (  39,  41), (   4,   6), (  42,   1), (  13,  15), (  36,  38), (   2,   4), (  18,  20), (  28,  30), (  38,  40), (  15,  17), (  22,  24), (  19,  21), (  20,  22), (  10,  12), (  32,  34), (  31,  33), (   9,  11)]
[(  21,  24), (  33,  36), (  22,  25), (  28,  31), (  26,  29), (   5,   8), (  35,  38), (  16,  19), (  25,  28), (   6,   9), (  18,  21), (   4,   7), (  24,  27), (  42,   2), (  20,  23), (  34,  37), (  32,  35), (   9,  12), (  29,  32), (  23,  26), (   2,   5), (  17,  20), (   3,   6), (  39,  42), (  31,  34), (  14,  17), (  11,  14), (  30,  33), (   7,  10), (   8,  11), (  13,  16), (  15,  18), (  36,  39), (  41,   1), (  10,  13), (  38,  41), (  12,  15), (   1,   4), (  27,  30), (  19,  22), (  37,  40)]
[(  27,  31), (  18,  22), (  38,  42), (  16,  20), (   4,   8), (  36,  40), (  12,  16), (  32,  36), (  35,  39), (  34,  38), (  10,  14), (   5,   9), (  19,  23), (   9,  13), (   1,   5), (  24,  28), (  25,  29), (  40,   1), (  11,  15), (  37,  41), (  15,  19), (   2,   6), (  33,  37), (  41,   2), (   8,  12), (  20,  24), (  17,  21), (   7,  11), (  22,  26), (  21,  25), (   6,  10), (  13,  17), (  28,  32), (  23,  27), (   3,   7), (  30,  34), (  26,  30), (  42,   3), (  31,  35), (  14,  18), (  29,  33)]
[(   3,   8), (  29,  34), (   5,  10), (  18,  23), (   2,   7), (  33,  38), (  36,  41), (  41,   3), (  15,  20), (  28,  33), (  32,  37), (  21,  26), (   7,  12), (  20,  25), (  22,  27), (  13,  18), (  39,   1), (  42,   4), (  17,  22), (  24,  29), (  26,  31), (  14,  19), (  31,  36), (   6,  11), (   9,  14), (  35,  40), (  30,  35), (  16,  21), (  19,  24), (  37,  42), (  34,  39), (  40,   2), (   8,  13), (  25,  30), (   1,   6), (   4,   9), (  11,  16), (  27,  32), (  23,  28), (  12,  17), (  10,  15)]
[(  14,  20), (  26,  32), (  17,  23), (  24,  30), (  18,  24), (  25,  31), (  22,  28), (   5,  11), (  21,  27), (  30,  36), (  23,  29), (  29,  35), (  35,  41), (  41,   4), (   4,  10), (  19,  25), (  16,  22), (  27,  33), (  36,  42), (  34,  40), (  40,   3), (   3,   9), (  10,  16), (  15,  21), (  38,   1), (  42,   5), (  33,  39), (  39,   2), (   2,   8), (   6,  12), (   8,  14), (  20,  26), (  31,  37), (  32,  38), (  11,  17), (   1,   7), (   7,  13), (  13,  19), (   9,  15), (  28,  34), (  12,  18)]
[(  41,   5), (   7,  14), (   1,   8), (   8,  15), (   9,  16), (  32,  39), (  26,  33), (  23,  30), (   6,  13), (  15,  22), (   2,   9), (  38,   2), (  31,  38), (  24,  31), (  17,  24), (   4,  11), (   3,  10), (  30,  37), (  14,  21), (  25,  32), (  18,  25), (  11,  18), (  21,  28), (  40,   4), (  16,  23), (  39,   3), (  19,  26), (  12,  19), (   5,  12), (  34,  41), (  29,  36), (  27,  34), (  22,  29), (  13,  20), (  33,  40), (  42,   6), (  35,  42), (  28,  35), (  10,  17), (  37,   1), (  20,  27)]
[(  42,   7), (  16,  24), (  29,  37), (   3,  11), (  19,  27), (  10,  18), (  13,  21), (  14,  22), (  36,   1), (   8,  16), (  34,  42), (  25,  33), (  37,   2), (  32,  40), (  18,  26), (  41,   6), (  28,  36), (   6,  14), (   2,  10), (   4,  12), (  33,  41), (  31,  39), (  11,  19), (   1,   9), (  24,  32), (   7,  15), (   5,  13), (  17,  25), (  39,   4), (  20,  28), (  22,  30), (  21,  29), (  12,  20), (  40,   5), (  23,  31), (  15,  23), (   9,  17), (  26,  34), (  38,   3), (  27,  35), (  30,  38)]
[(   4,  13), (  38,   4), (  19,  28), (  36,   2), (  33,  42), (  35,   1), (  18,  27), (  29,  38), (  42,   8), (  20,  29), (   6,  15), (  22,  31), (  40,   6), (  30,  39), (  28,  37), (  21,  30), (  24,  33), (  39,   5), (   7,  16), (   8,  17), (   1,  10), (  26,  35), (   9,  18), (  13,  22), (  11,  20), (  25,  34), (   3,  12), (  32,  41), (  23,  32), (  27,  36), (   2,  11), (  41,   7), (  10,  19), (  37,   3), (  16,  25), (  17,  26), (  31,  40), (   5,  14), (  12,  21), (  15,  24), (  14,  23)]
[(  18,  28), (  30,  40), (  31,  41), (  40,   7), (  15,  25), (  20,  30), (  42,   9), (  37,   4), (   2,  12), (   3,  13), (  38,   5), (  34,   1), (  22,  32), (  26,  36), (  25,  35), (  35,   2), (  41,   8), (  10,  20), (  23,  33), (  28,  38), (  32,  42), (   5,  15), (   4,  14), (  16,  26), (  27,  37), (   9,  19), (  24,  34), (  36,   3), (  21,  31), (  13,  23), (  17,  27), (   1,  11), (  14,  24), (  19,  29), (   8,  18), (  12,  22), (  39,   6), (  11,  21), (   6,  16), (  29,  39), (   7,  17)]
[(  12,  23), (  17,  28), (  34,   2), (   1,  12), (  28,  39), (   4,  15), (  19,  30), (   2,  13), (  23,  34), (  26,  37), (  36,   4), (   3,  14), (  25,  36), (   8,  19), (  39,   7), (  29,  40), (  15,  26), (  21,  32), (  38,   6), (   5,  16), (   6,  17), (  27,  38), (  40,   8), (  35,   3), (  10,  21), (  22,  33), (  18,  29), (  20,  31), (   9,  20), (  24,  35), (  33,   1), (  31,  42), (  41,   9), (   7,  18), (  37,   5), (  16,  27), (  14,  25), (  30,  41), (  11,  22), (  42,  10), (  13,  24)]
[(  22,  34), (  13,  25), (   9,  21), (  26,  38), (  41,  10), (  14,  26), (   2,  14), (  21,  33), (  19,  31), (  32,   1), (  27,  39), (  16,  28), (   5,  17), (  10,  22), (  29,  41), (  20,  32), (  42,  11), (  24,  36), (  40,   9), (   6,  18), (  23,  35), (  25,  37), (  30,  42), (   8,  20), (   3,  15), (  18,  30), (  37,   6), (  35,   4), (   1,  13), (   7,  19), (  12,  24), (  39,   8), (  11,  23), (   4,  16), (  15,  27), (  28,  40), (  34,   3), (  17,  29), (  33,   2), (  38,   7), (  36,   5)]
[(  19,  32), (  35,   5), (  26,  39), (   9,  22), (  17,  30), (  16,  29), (  24,  37), (  18,  31), (  41,  11), (  42,  12), (   7,  20), (  27,  40), (  29,  42), (  21,  34), (  33,   3), (  39,   9), (   6,  19), (  25,  38), (  13,  26), (   2,  15), (  14,  27), (  28,  41), (  22,  35), (  23,  36), (  36,   6), (  31,   1), (  38,   8), (  40,  10), (  15,  28), (   5,  18), (  37,   7), (  12,  25), (   4,  17), (   8,  21), (  34,   4), (  11,  24), (  10,  23), (  20,  33), (   1,  14), (   3,  16), (  32,   2)]
[(  15,  29), (   9,  23), (   6,  20), (  13,  27), (  40,  11), (  42,  13), (   1,  15), (  26,  40), (   4,  18), (  17,  31), (  19,  33), (  39,  10), (  16,  30), (   3,  17), (  31,   2), (  12,  26), (  23,  37), (   8,  22), (  27,  41), (  22,  36), (  38,   9), (   7,  21), (  20,  34), (  34,   5), (  33,   4), (  41,  12), (  36,   7), (  24,  38), (  35,   6), (  32,   3), (  28,  42), (   5,  19), (  30,   1), (  10,  24), (  14,  28), (  25,  39), (  18,  32), (   2,  16), (  37,   8), (  11,  25), (  21,  35)]
[(  25,  40), (  12,  27), (  15,  30), (  17,  32), (  20,  35), (   9,  24), (  32,   4), (  34,   6), (  22,  37), (  35,   7), (  16,  31), (   8,  23), (  39,  11), (  23,  38), (  36,   8), (  27,  42), (  40,  12), (   2,  17), (  31,   3), (  42,  14), (  24,  39), (  29,   1), (  41,  13), (  14,  29), (  13,  28), (  21,  36), (  10,  25), (  37,   9), (  18,  33), (   1,  16), (  26,  41), (  38,  10), (   3,  18), (  11,  26), (  30,   2), (   5,  20), (  33,   5), (   7,  22), (   4,  19), (   6,  21), (  19,  34)]
[(  38,  11), (  37,  10), (  24,  40), (  21,  37), (  22,  38), (  11,  27), (  23,  39), (  42,  15), (  30,   3), (  41,  14), (  35,   8), (  20,  36), (  18,  34), (  33,   6), (  40,  13), (  15,  31), (  14,  30), (   7,  23), (  12,  28), (  19,  35), (  34,   7), (   8,  24), (   1,  17), (  17,  33), (  29,   2), (  16,  32), (   4,  20), (   6,  22), (  25,  41), (  10,  26), (   3,  19), (  36,   9), (   5,  21), (  39,  12), (  26,  42), (   2,  18), (  28,   1), (   9,  25), (  13,  29), (  32,   5), (  31,   4)]
[(  16,  33), (  41,  15), (  18,  35), (  25,  42), (  14,  31), (   2,  19), (  17,  34), (   7,  24), (  33,   7), (   4,  21), (  13,  30), (  32,   6), (   3,  20), (  27,   1), (  21,  38), (  36,  10), (  31,   5), (  11,  28), (  34,   8), (  39,  13), (  20,  37), (  30,   4), (  38,  12), (  10,  27), (   5,  22), (  37,  11), (  15,  32), (   1,  18), (  40,  14), (  22,  39), (  35,   9), (   6,  23), (  42,  16), (  28,   2), (  12,  29), (  29,   3), (  19,  36), (  23,  40), (  24,  41), (   9,  26), (   8,  25)]
[(  35,  10), (   1,  19), (  36,  11), (  39,  14), (   3,  21), (  28,   3), (  11,  29), (  10,  28), (  14,  32), (  27,   2), (  22,  40), (  24,  42), (  15,  33), (  37,  12), (  34,   9), (  33,   8), (  20,  38), (  41,  16), (  30,   5), (   9,  27), (  12,  30), (  16,  34), (  32,   7), (  19,  37), (  17,  35), (  38,  13), (  23,  41), (   8,  26), (  42,  17), (  40,  15), (   5,  23), (   4,  22), (   7,  25), (  31,   6), (  21,  39), (  13,  31), (  29,   4), (   6,  24), (  18,  36), (   2,  20), (  26,   1)]
[(  17,  36), (  20,  39), (  13,  32), (  34,  10), (  37,  13), (  22,  41), (   6,  25), (   1,  20), (  29,   5), (   5,  24), (  41,  17), (  11,  30), (   9,  28), (  35,  11), (  30,   6), (  38,  14), (   2,  21), (  15,  34), (  25,   1), (  31,   7), (  28,   4), (  36,  12), (  39,  15), (  12,  31), (  42,  18), (  10,  29), (  40,  16), (  23,  42), (  27,   3), (  14,  33), (  21,  40), (  16,  35), (  26,   2), (  33,   9), (  19,  38), (  32,   8), (   8,  27), (  18,  37), (   7,  26), (   4,  23), (   3,  22)]
[(   6,  26), (  11,  31), (   7,  27), (  29,   6), (  12,  32), (  17,  37), (  20,  40), (  35,  12), (  40,  17), (  19,  39), (  24,   1), (  41,  18), (   1,  21), (  28,   5), (  42,  19), (   3,  23), (  27,   4), (  26,   3), (   4,  24), (  10,  30), (  16,  36), (  13,  33), (  25,   2), (  18,  38), (  30,   7), (   8,  28), (   2,  22), (  14,  34), (  34,  11), (   9,  29), (  38,  15), (  37,  14), (  15,  35), (  22,  42), (  32,   9), (  33,  10), (  21,  41), (  31,   8), (   5,  25), (  36,  13), (  39,  16)]
[(   9,  30), (  21,  42), (  12,  33), (  41,  19), (  23,   1), (  34,  12), (  10,  31), (  39,  17), (  38,  16), (  40,  18), (  25,   3), (  37,  15), (  26,   4), (  29,   7), (  11,  32), (   1,  22), (  13,  34), (  35,  13), (  18,  39), (  33,  11), (   8,  29), (  32,  10), (   5,  26), (   7,  28), (  19,  40), (   2,  23), (  31,   9), (  27,   5), (  16,  37), (  17,  38), (   4,  25), (   3,  24), (   6,  27), (  36,  14), (  20,  41), (  14,  35), (  24,   2), (  15,  36), (  42,  20), (  30,   8), (  28,   6)]