[(   1,   2), (   2,   3), (   3,   4), (   4,   5), (   5,   6), (   6,   7), (   7,   8), (   8,   9), (   9,  10), (  10,  11), (  11,  12), (  12,  13), (  13,  14), (  14,  15), (  15,  16), (  16,  17), (  17,  18), (  18,  19), (  19,  20), (  20,  21), (  21,  22), (  22,  23), (  23,  24), (  24,  25), (  25,  26), (  26,  27), (  27,  28), (  28,  29), (  29,  30), (  30,  31), (  31,  32), (  32,  33), (  33,  34)]
[(  18,  20), (  17,  19), (   6,   8), (  29,  31), (   8,  10), (  14,  16), (   9,  11), (   2,   4), (  23,  25), (  12,  14), (  32,  34), (  26,  28), (   5,   7), (  20,  22), (  11,  13), (  30,  32), (  34,   1), (   3,   5), (  22,  24), (  13,  15), (  28,  30), (   7,   9), (   1,   3), (  21,  23), (  10,  12), (  31,  33), (  24,  26), (  19,  21), (  25,  27), (   4,   6), (  27,  29), (  16,  18), (  15,  17)]
[(  14,  17), (   5,   8), (  19,  22), (   9,  12), (  21,  24), (  17,  20), (  12,  15), (  30,  33), (  33,   1), (   3,   6), (  28,  31), (  22,  25), (   8,  11), (  25,  28), (   1,   4), (  26,  29), (  16,  19), (   6,   9), (  31,  34), (   7,  10), (  24,  27), (  10,  13), (   4,   7), (  29,  32), (  34,   2), (   2,   5), (  20,  23), (  15,  18), (  11,  14), (  23,  26), (  13,  16), (  27,  30), (  18,  21)]
[(  27,  31), (  26,  30), (  16,  20), (  14,  18), (  28,  32), (  19,  23), (  29,  33), (  24,  28), (  34,   3), (  13,  17), (  10,  14), (  30,  34), (  20,  24), (   8,  12), (  25,  29), (   9,  13), (  33,   2), (  22,  26), (   6,  10), (  23,  27), (  11,  15), (   1,   5), (  21,  25), (  18,  22), (  32,   1), (   7,  11), (   2,   6), (  12,  16), (   3,   7), (  17,  21), (  15,  19), (   5,   9), (   4,   8)]
[(   4,   9), (  20,  25), (   7,  12), (  33,   3), (  11,  16), (  34,   4), (  25,  30), (  18,  23), (  22,  27), (  28,  33), (  21,  26), (   6,  11), (  29,  34), (  13,  18), (  14,  19), (   3,   8), (  15,  20), (  27,  32), (  16,  21), (  17,  22), (   1,   6), (  24,  29), (   9,  14), (   2,   7), (   8,  13), (  12,  17), (   5,  10), (  31,   1), (  19,  24), (  32,   2), (  23,  28), (  10,  15), (  26,  31)]
[(  19,  25), (  22,  28), (  21,  27), (   2,   8), (  12,  18), (  26,  32), (  20,  26), (   5,  11), (  11,  17), (  34,   5), (  13,  19), (   4,  10), (  33,   4), (  23,  29), (  28,  34), (  14,  20), (  32,   3), (  15,  21), (   1,   7), (   6,  12), (  31,   2), (  25,  31), (  16,  22), (  30,   1), (  18,  24), (  24,  30), (   9,  15), (   3,   9), (  17,  23), (  27,  33), (   8,  14), (   7,  13), (  10,  16)]
[(   5,  12), (   7,  14), (  29,   1), (  13,  20), (   2,   9), (  31,   3), (  17,  24), (   3,  10), (  24,  31), (  22,  29), (  20,  27), (   9,  16), (  12,  19), (  33,   5), (  10,  17), (  27,  34), (  14,  21), (   1,   8), (  18,  25), (  30,   2), (  16,  23), (  19,  26), (   8,  15), (   6,  13), (   4,  11), (  25,  32), (  11,  18), (  32,   4), (  26,  33), (  15,  22), (  34,   6), (  21,  28), (  23,  30)]
[(  26,  34), (  16,  24), (   9,  17), (  19,  27), (  17,  25), (  28,   1), (   2,  10), (  13,  21), (   6,  14), (  15,  23), (  22,  30), (  32,   5), (  23,  31), (   3,  11), (  33,   6), (   7,  15), (  31,   4), (  20,  28), (  29,   2), (  24,  32), (   4,  12), (  30,   3), (   5,  13), (  12,  20), (  21,  29), (  14,  22), (  25,  33), (  34,   7), (  10,  18), (   8,  16), (  18,  26), (  11,  19), (   1,   9)]
[(   6,  15), (   4,  13), (  31,   5), (  25,  34), (  33,   7), (  15,  24), (  27,   1), (  16,  25), (  12,  21), (  18,  27), (   9,  18), (  24,  33), (  21,  30), (  32,   6), (  23,  32), (  19,  28), (  13,  22), (   7,  16), (   3,  12), (  29,   3), (   5,  14), (   2,  11), (  17,  26), (   8,  17), (  14,  23), (  10,  19), (  34,   8), (  11,  20), (  28,   2), (   1,  10), (  30,   4), (  22,  31), (  20,  29)]
[(  28,   3), (  31,   6), (  15,  25), (  22,  32), (  26,   1), (  11,  21), (  13,  23), (  19,  29), (   8,  18), (  20,  30), (  33,   8), (   7,  17), (  16,  26), (  21,  31), (   2,  12), (   1,  11), (  30,   5), (  24,  34), (  23,  33), (   4,  14), (   9,  19), (  18,  28), (  27,   2), (   5,  15), (  17,  27), (   6,  16), (  12,  22), (  14,  24), (  34,   9), (   3,  13), (  10,  20), (  29,   4), (  32,   7)]
[(  11,  22), (  18,  29), (  23,  34), (  10,  21), (  19,  30), (  33,   9), (  21,  32), (  15,  26), (  28,   4), (  32,   8), (  29,   5), (   8,  19), (  17,  28), (  34,  10), (  20,  31), (  22,  33), (  12,  23), (   2,  13), (   4,  15), (  25,   1), (   7,  18), (  16,  27), (  30,   6), (  27,   3), (  31,   7), (   9,  20), (   3,  14), (  26,   2), (   5,  16), (  14,  25), (   1,  12), (   6,  17), (  13,  24)]
[(  21,  33), (  33,  10), (  14,  26), (  11,  23), (  22,  34), (  13,  25), (  28,   5), (  20,  32), (   7,  19), (  24,   1), (   4,  16), (  15,  27), (  32,   9), (  27,   4), (  18,  30), (   6,  18), (  29,   6), (  17,  29), (   5,  17), (  31,   8), (  26,   3), (   8,  20), (  19,  31), (  34,  11), (  16,  28), (   3,  15), (  30,   7), (  10,  22), (   1,  13), (  12,  24), (   9,  21), (  25,   2), (   2,  14)]
[(  29,   7), (  34,  12), (  24,   2), (  15,  28), (  14,  27), (  27,   5), (   3,  16), (   1,  14), (  16,  29), (  26,   4), (  25,   3), (  18,  31), (   2,  15), (  17,  30), (   9,  22), (  12,  25), (  11,  24), (  10,  23), (  13,  26), (   5,  18), (  20,  33), (   4,  17), (  32,  10), (  31,   9), (   6,  19), (  21,  34), (  19,  32), (  30,   8), (   8,  21), (   7,  20), (  33,  11), (  23,   1), (  28,   6)]
[(  10,  24), (   9,  23), (  18,  32), (  16,  30), (  15,  29), (   8,  22), (   4,  18), (  27,   6), (  26,   5), (   7,  21), (   1,  15), (  23,   2), (  22,   1), (   2,  16), (  24,   3), (  31,  10), (  28,   7), (  25,   4), (  32,  11), (  19,  33), (  34,  13), (  33,  12), (  20,  34), (  14,  28), (  30,   9), (  29,   8), (  17,  31), (  13,  27), (   6,  20), (   5,  19), (   3,  17), (  12,  26), (  11,  25)]
[(   8,  23), (  21,   1), (  33,  13), (  26,   6), (  23,   3), (  30,  10), (  19,  34), (   7,  22), (  15,  30), (  16,  31), (   2,  17), (  14,  29), (   3,  18), (   9,  24), (  27,   7), (  24,   4), (  10,  25), (  31,  11), (  28,   8), (  11,  26), (  17,  32), (   6,  21), (  18,  33), (   4,  19), (   5,  20), (  13,  28), (   1,  16), (  25,   5), (  32,  12), (  29,   9), (  22,   2), (  34,  14), (  12,  27)]
[(  16,  32), (  11,  27), (  30,  11), (   1,  17), (   4,  20), (   2,  18), (   6,  22), (  31,  12), (  32,  13), (   9,  25), (   7,  23), (  20,   1), (  25,   6), (  26,   7), (   5,  21), (  21,   2), (  27,   8), (  33,  14), (  14,  30), (  28,   9), (  29,  10), (  34,  15), (  12,  28), (  10,  26), (  22,   3), (  23,   4), (  13,  29), (  17,  33), (  15,  31), (  18,  34), (  24,   5), (   8,  24), (   3,  19)]
[(  13,  30), (  15,  32), (  28,  10), (   7,  24), (  31,  13), (  12,  29), (  14,  31), (  17,  34), (  20,   2), (   2,  19), (  24,   6), (  21,   3), (  10,  27), (  19,   1), (  26,   8), (  23,   5), (   9,  26), (  30,  12), (  27,   9), (  34,  16), (   8,  25), (  32,  14), (  29,  11), (  16,  33), (  33,  15), (   1,  18), (   4,  21), (   6,  23), (  22,   4), (  11,  28), (  25,   7), (   3,  20), (   5,  22)]