[(   1,   2), (   2,   3), (   3,   4), (   4,   5), (   5,   6), (   6,   7), (   7,   8), (   8,   9), (   9,  10), (  10,  11), (  11,  12), (  12,  13), (  13,  14), (  14,  15), (  15,  16), (  16,  17), (  17,  18), (  18,  19), (  19,  20), (  20,  21), (  21,  22), (  22,  23), (  23,  24), (  24,  25), (  25,  26), (  26,  27), (  27,  28), (  28,  29), (  29,  30), (  30,  31), (  31,  32), (  32,  33), (  33,  34)]
[(  10,  12), (  13,  15), (  27,  29), (  25,  27), (  11,  13), (   9,  11), (  31,  33), (  30,  32), (  21,  23), (  16,  18), (  14,  16), (  18,  20), (   4,   6), (  32,  34), (   7,   9), (  28,  30), (  34,   1), (   5,   7), (  26,  28), (   1,   3), (  29,  31), (  15,  17), (  19,  21), (  17,  19), (  12,  14), (   3,   5), (   2,   4), (  24,  26), (  22,  24), (   8,  10), (   6,   8), (  20,  22), (  23,  25)]
[(  20,  23), (  27,  30), (  33,   1), (  18,  21), (   4,   7), (  19,  22), (  15,  18), (  24,  27), (  11,  14), (  23,  26), (  10,  13), (   1,   4), (  26,  29), (   7,  10), (   2,   5), (  29,  32), (  16,  19), (   3,   6), (  30,  33), (  25,  28), (   6,   9), (  31,  34), (  22,  25), (   9,  12), (  21,  24), (   8,  11), (  17,  20), (  13,  16), (  28,  31), (  14,  17), (  34,   2), (   5,   8), (  12,  15)]
[(  30,  34), (  20,  24), (  18,  22), (  24,  28), (  19,  23), (  17,  21), (  21,  25), (   2,   6), (  22,  26), (  32,   1), (  23,  27), (   5,   9), (  15,  19), (  25,  29), (  28,  32), (   4,   8), (  33,   2), (  27,  31), (   3,   7), (   6,  10), (  16,  20), (  26,  30), (   8,  12), (  34,   3), (   9,  13), (  29,  33), (  10,  14), (  14,  18), (  12,  16), (   7,  11), (  13,  17), (  11,  15), (   1,   5)]
[(  11,  16), (   5,  10), (  20,  25), (  14,  19), (  31,   1), (  33,   3), (   9,  14), (  12,  17), (  29,  34), (  28,  33), (   3,   8), (  17,  22), (  22,  27), (   4,   9), (   6,  11), (   7,  12), (  15,  20), (  23,  28), (  24,  29), (  26,  31), (   8,  13), (  13,  18), (  27,  32), (   2,   7), (   1,   6), (  18,  23), (  21,  26), (  32,   2), (  34,   4), (  16,  21), (  10,  15), (  25,  30), (  19,  24)]
[(   7,  13), (  12,  18), (   2,   8), (   9,  15), (   3,   9), (  10,  16), (  24,  30), (  34,   5), (   6,  12), (  13,  19), (  28,  34), (   8,  14), (  31,   2), (  11,  17), (  25,  31), (  14,  20), (  32,   3), (  15,  21), (   4,  10), (  18,  24), (  33,   4), (  21,  27), (   1,   7), (  16,  22), (  23,  29), (  30,   1), (   5,  11), (  19,  25), (  26,  32), (  20,  26), (  27,  33), (  17,  23), (  22,  28)]
[(  21,  28), (   9,  16), (  10,  17), (   1,   8), (  25,  32), (  23,  30), (  34,   6), (  13,  20), (  20,  27), (  22,  29), (  33,   5), (  31,   3), (  11,  18), (  24,  31), (  12,  19), (   2,   9), (  14,  21), (  26,  33), (  16,  23), (   4,  11), (  17,  24), (  32,   4), (  30,   2), (   6,  13), (   8,  15), (  15,  22), (  29,   1), (   5,  12), (   3,  10), (  27,  34), (  18,  25), (  19,  26), (   7,  14)]
[(  33,   6), (  25,  33), (  11,  19), (  23,  31), (  20,  28), (  26,  34), (  19,  27), (  14,  22), (   5,  13), (  12,  20), (  21,  29), (  24,  32), (  30,   3), (  28,   1), (  18,  26), (  10,  18), (  31,   4), (  17,  25), (   9,  17), (  34,   7), (  32,   5), (   3,  11), (   6,  14), (  15,  23), (  22,  30), (  13,  21), (   8,  16), (   1,   9), (   7,  15), (   4,  12), (  16,  24), (   2,  10), (  29,   2)]
[(  29,   3), (  19,  28), (  14,  23), (   2,  11), (  17,  26), (  20,  29), (  23,  32), (  16,  25), (  28,   2), (  31,   5), (  15,  24), (  21,  30), (   1,  10), (  18,  27), (  34,   8), (  22,  31), (  13,  22), (   4,  13), (  27,   1), (   8,  17), (  25,  34), (   5,  14), (  11,  20), (  30,   4), (  33,   7), (  10,  19), (   3,  12), (   6,  15), (   9,  18), (  24,  33), (  12,  21), (   7,  16), (  32,   6)]
[(  17,  27), (  31,   6), (  24,  34), (  16,  26), (  14,  24), (   2,  12), (   3,  13), (  18,  28), (  33,   8), (   4,  14), (  20,  30), (  15,  25), (  32,   7), (   6,  16), (  13,  23), (  26,   1), (  30,   5), (  34,   9), (  12,  22), (  19,  29), (  28,   3), (  10,  20), (   5,  15), (  21,  31), (  27,   2), (   7,  17), (  22,  32), (  23,  33), (  11,  21), (   9,  19), (   1,  11), (  29,   4), (   8,  18)]
[(  15,  26), (  21,  32), (   5,  16), (   6,  17), (  10,  21), (  25,   1), (   1,  12), (  31,   7), (   4,  15), (  30,   6), (  26,   2), (  16,  27), (  17,  28), (  22,  33), (  27,   3), (  13,  24), (  12,  23), (  11,  22), (  32,   8), (   2,  13), (   7,  18), (   8,  19), (  33,   9), (  29,   5), (  20,  31), (  28,   4), (  23,  34), (  34,  10), (  14,  25), (  18,  29), (  19,  30), (   3,  14), (   9,  20)]
[(  19,  31), (  34,  11), (  32,   9), (  30,   7), (  22,  34), (  31,   8), (  10,  22), (   3,  15), (  18,  30), (   9,  21), (   7,  19), (  33,  10), (  21,  33), (   8,  20), (  17,  29), (  11,  23), (  29,   6), (  12,  24), (   6,  18), (  15,  27), (   2,  14), (  25,   2), (  16,  28), (  14,  26), (   5,  17), (  20,  32), (  13,  25), (  27,   4), (   1,  13), (  28,   5), (  26,   3), (  24,   1), (   4,  16)]
[(   5,  18), (   4,  17), (  15,  28), (  32,  10), (  30,   8), (  14,  27), (  16,  29), (  23,   1), (  19,  32), (  24,   2), (  31,   9), (  28,   6), (  12,  25), (  13,  26), (  20,  33), (  21,  34), (  11,  24), (   1,  14), (   2,  15), (   9,  22), (  10,  23), (  29,   7), (  26,   4), (  33,  11), (   3,  16), (  34,  12), (   6,  19), (   8,  21), (  27,   5), (  25,   3), (   7,  20), (  18,  31), (  17,  30)]
[(   8,  22), (  22,   1), (   7,  21), (  20,  34), (  15,  29), (   4,  18), (  26,   5), (  19,  33), (  24,   3), (   3,  17), (  25,   4), (  23,   2), (   9,  23), (   5,  19), (  10,  24), (  27,   6), (  28,   7), (  29,   8), (  11,  25), (  16,  30), (  12,  26), (  33,  12), (  31,  10), (  18,  32), (  32,  11), (   2,  16), (  30,   9), (  17,  31), (   6,  20), (   1,  15), (  14,  28), (  34,  13), (  13,  27)]
[(  24,   4), (  14,  29), (  26,   6), (  33,  13), (  12,  27), (  13,  28), (   2,  17), (  11,  26), (  16,  31), (  27,   7), (  17,  32), (  19,  34), (   5,  20), (  23,   3), (  21,   1), (  25,   5), (  10,  25), (  30,  10), (  34,  14), (  32,  12), (  15,  30), (   1,  16), (   3,  18), (  28,   8), (   4,  19), (   9,  24), (  18,  33), (   7,  22), (   8,  23), (  22,   2), (  29,   9), (   6,  21), (  31,  11)]
[(   9,  25), (   7,  23), (  31,  12), (  22,   3), (   2,  18), (  24,   5), (   4,  20), (  29,  10), (   1,  17), (  34,  15), (   6,  22), (  26,   7), (   8,  24), (  21,   2), (  14,  30), (   3,  19), (  27,   8), (  16,  32), (   5,  21), (  33,  14), (  11,  27), (  28,   9), (  13,  29), (  20,   1), (  18,  34), (  25,   6), (  15,  31), (  30,  11), (  17,  33), (  32,  13), (  23,   4), (  12,  28), (  10,  26)]
[(  32,  14), (  26,   8), (  13,  30), (  12,  29), (  16,  33), (  15,  32), (  11,  28), (   4,  21), (  25,   7), (   8,  25), (   1,  18), (  29,  11), (  34,  16), (  30,  12), (  22,   4), (  33,  15), (   9,  26), (  20,   2), (  31,  13), (  23,   5), (  19,   1), (  24,   6), (  17,  34), (  10,  27), (  28,  10), (  14,  31), (   7,  24), (   3,  20), (   2,  19), (   6,  23), (   5,  22), (  27,   9), (  21,   3)]