[(   1,   2), (   2,   3), (   3,   4), (   4,   5), (   5,   6), (   6,   7), (   7,   8), (   8,   9), (   9,  10), (  10,  11), (  11,  12), (  12,  13), (  13,  14), (  14,  15), (  15,  16), (  16,  17), (  17,  18), (  18,  19), (  19,  20), (  20,  21), (  21,  22), (  22,  23), (  23,  24), (  24,  25), (  25,  26), (  26,  27), (  27,  28), (  28,  29), (  29,  30), (  30,  31), (  31,  32), (  32,  33), (  33,  34)]
[(  15,  17), (  16,  18), (  12,  14), (  32,  34), (  22,  24), (  25,  27), (  27,  29), (  10,  12), (  19,  21), (  31,  33), (  28,  30), (   3,   5), (  26,  28), (  24,  26), (  20,  22), (  29,  31), (  34,   1), (   4,   6), (  13,  15), (   9,  11), (   7,   9), (  30,  32), (   5,   7), (   2,   4), (  14,  16), (  23,  25), (   6,   8), (   8,  10), (  11,  13), (   1,   3), (  21,  23), (  17,  19), (  18,  20)]
[(  13,  16), (  30,  33), (  34,   2), (  11,  14), (  15,  18), (  18,  21), (   9,  12), (  20,  23), (  28,  31), (   3,   6), (  31,  34), (  22,  25), (   6,   9), (  25,  28), (   5,   8), (  24,  27), (  16,  19), (   8,  11), (  27,  30), (   7,  10), (  26,  29), (  10,  13), (   1,   4), (  29,  32), (   4,   7), (  12,  15), (  23,  26), (  14,  17), (  17,  20), (  21,  24), (  33,   1), (   2,   5), (  19,  22)]
[(  20,  24), (   9,  13), (  18,  22), (  23,  27), (  28,  32), (  32,   1), (   6,  10), (  15,  19), (   1,   5), (   4,   8), (   5,   9), (  29,  33), (  21,  25), (  17,  21), (  19,  23), (   7,  11), (  33,   2), (  24,  28), (  12,  16), (  14,  18), (  10,  14), (   2,   6), (  26,  30), (  27,  31), (  30,  34), (  16,  20), (  25,  29), (  34,   3), (   3,   7), (   8,  12), (  13,  17), (  22,  26), (  11,  15)]
[(   7,  12), (  10,  15), (  24,  29), (   1,   6), (   8,  13), (  11,  16), (  31,   1), (  33,   3), (  25,  30), (  14,  19), (  27,  32), (  26,  31), (  12,  17), (  13,  18), (   9,  14), (  28,  33), (  15,  20), (   2,   7), (  21,  26), (  17,  22), (  18,  23), (   4,   9), (   3,   8), (  16,  21), (   5,  10), (  32,   2), (  34,   4), (  19,  24), (  22,  27), (  29,  34), (   6,  11), (  20,  25), (  23,  28)]
[(  27,  33), (  14,  20), (  21,  27), (  10,  16), (  33,   4), (  13,  19), (  17,  23), (  24,  30), (  11,  17), (   7,  13), (  20,  26), (  28,  34), (  23,  29), (  34,   5), (  26,  32), (   4,  10), (  32,   3), (  25,  31), (   3,   9), (  30,   1), (   6,  12), (   1,   7), (   9,  15), (  22,  28), (  18,  24), (   5,  11), (  12,  18), (  16,  22), (  31,   2), (  19,  25), (   8,  14), (  15,  21), (   2,   8)]
[(  23,  30), (  21,  28), (   9,  16), (  12,  19), (  31,   3), (   2,   9), (  18,  25), (  34,   6), (   6,  13), (  27,  34), (   3,  10), (  11,  18), (  30,   2), (  20,  27), (   4,  11), (  13,  20), (  14,  21), (  15,  22), (  24,  31), (   8,  15), (  33,   5), (  17,  24), (  25,  32), (   1,   8), (  22,  29), (  29,   1), (  10,  17), (  26,  33), (  32,   4), (  16,  23), (  19,  26), (   7,  14), (   5,  12)]
[(  32,   5), (  26,  34), (  28,   1), (  18,  26), (  19,  27), (  22,  30), (  13,  21), (  21,  29), (  16,  24), (  20,  28), (  17,  25), (   2,  10), (   3,  11), (   4,  12), (  29,   2), (  15,  23), (  31,   4), (  12,  20), (  33,   6), (  23,  31), (  24,  32), (  25,  33), (  10,  18), (   7,  15), (  11,  19), (   6,  14), (  14,  22), (   5,  13), (   8,  16), (   9,  17), (  34,   7), (   1,   9), (  30,   3)]
[(   9,  18), (  27,   1), (  11,  20), (   8,  17), (   7,  16), (  31,   5), (  28,   2), (  16,  25), (  20,  29), (  21,  30), (  14,  23), (  23,  32), (  22,  31), (  29,   3), (  24,  33), (  25,  34), (  13,  22), (   1,  10), (   2,  11), (  32,   6), (   4,  13), (   3,  12), (  12,  21), (   5,  14), (   6,  15), (  10,  19), (  33,   7), (  30,   4), (  19,  28), (  18,  27), (  15,  24), (  34,   8), (  17,  26)]
[(  29,   4), (  22,  32), (  15,  25), (  21,  31), (  26,   1), (  14,  24), (  20,  30), (   1,  11), (   8,  18), (  12,  22), (   6,  16), (   9,  19), (  33,   8), (  32,   7), (   7,  17), (   2,  12), (  30,   5), (  23,  33), (  18,  28), (  28,   3), (  27,   2), (  16,  26), (  19,  29), (  13,  23), (  17,  27), (  24,  34), (   5,  15), (  11,  21), (  34,   9), (   4,  14), (  10,  20), (   3,  13), (  31,   6)]
[(   3,  14), (  29,   5), (  32,   8), (  22,  33), (  14,  25), (  17,  28), (  11,  22), (  31,   7), (  23,  34), (  15,  26), (  18,  29), (   4,  15), (   5,  16), (  33,   9), (  34,  10), (   8,  19), (  12,  23), (  16,  27), (  25,   1), (  26,   2), (  19,  30), (  20,  31), (   6,  17), (   9,  20), (   1,  12), (  28,   4), (  13,  24), (   7,  18), (  10,  21), (   2,  13), (  27,   3), (  30,   6), (  21,  32)]
[(  19,  31), (   7,  19), (  30,   7), (  13,  25), (   9,  21), (  33,  10), (   3,  15), (  27,   4), (   2,  14), (  17,  29), (   1,  13), (   8,  20), (  24,   1), (  11,  23), (  18,  30), (  32,   9), (  29,   6), (  26,   3), (   5,  17), (  12,  24), (  34,  11), (  15,  27), (  22,  34), (   6,  18), (  21,  33), (  31,   8), (  20,  32), (  25,   2), (  14,  26), (  10,  22), (  28,   5), (  16,  28), (   4,  16)]
[(  21,  34), (   4,  17), (   6,  19), (  29,   7), (  10,  23), (  34,  12), (  19,  32), (  13,  26), (  26,   4), (  24,   2), (   2,  15), (  14,  27), (   7,  20), (  30,   8), (  25,   3), (   5,  18), (  11,  24), (  17,  30), (  32,  10), (  27,   5), (  15,  28), (   8,  21), (  20,  33), (  33,  11), (  31,   9), (   9,  22), (   3,  16), (  23,   1), (  12,  25), (  28,   6), (  16,  29), (  18,  31), (   1,  14)]
[(   8,  22), (  11,  25), (  17,  31), (  24,   3), (  20,  34), (  15,  29), (  26,   5), (  14,  28), (  33,  12), (   9,  23), (  19,  33), (  16,  30), (  18,  32), (  31,  10), (  27,   6), (  22,   1), (  28,   7), (  34,  13), (  29,   8), (  25,   4), (   3,  17), (   5,  19), (   2,  16), (  12,  26), (  23,   2), (   7,  21), (  30,   9), (   6,  20), (   1,  15), (  32,  11), (   4,  18), (  10,  24), (  13,  27)]
[(  11,  26), (   8,  23), (  33,  13), (  15,  30), (   2,  17), (  23,   3), (  24,   4), (  17,  32), (  27,   7), (  25,   5), (   7,  22), (   6,  21), (   4,  19), (   1,  16), (  21,   1), (  26,   6), (  10,  25), (  29,   9), (  34,  14), (  19,  34), (  16,  31), (  14,  29), (  13,  28), (  30,  10), (  28,   8), (   3,  18), (  31,  11), (  32,  12), (  18,  33), (   5,  20), (  22,   2), (  12,  27), (   9,  24)]
[(  25,   6), (  31,  12), (  10,  26), (  28,   9), (  30,  11), (   4,  20), (  33,  14), (   2,  18), (  22,   3), (  16,  32), (   8,  24), (   1,  17), (  34,  15), (   6,  22), (  12,  28), (  14,  30), (  27,   8), (   5,  21), (   7,  23), (  13,  29), (  20,   1), (  18,  34), (  11,  27), (   3,  19), (  32,  13), (  17,  33), (  21,   2), (  15,  31), (  24,   5), (  26,   7), (   9,  25), (  23,   4), (  29,  10)]
[(  28,  10), (  24,   6), (  23,   5), (  20,   2), (  12,  29), (  26,   8), (  34,  16), (   5,  22), (  15,  32), (   1,  18), (   4,  21), (   7,  24), (  10,  27), (   2,  19), (  31,  13), (  21,   3), (   9,  26), (  32,  14), (  22,   4), (  16,  33), (   8,  25), (  11,  28), (  14,  31), (  17,  34), (   3,  20), (  13,  30), (  19,   1), (  27,   9), (   6,  23), (  33,  15), (  30,  12), (  29,  11), (  25,   7)]