[(   1,   2), (   2,   3), (   3,   4), (   4,   5), (   5,   6), (   6,   7), (   7,   8), (   8,   9), (   9,  10), (  10,  11), (  11,  12), (  12,  13), (  13,  14), (  14,  15), (  15,  16), (  16,  17), (  17,  18), (  18,  19), (  19,  20), (  20,  21), (  21,  22), (  22,  23), (  23,  24), (  24,  25), (  25,  26), (  26,  27), (  27,  28), (  28,  29), (  29,  30), (  30,  31), (  31,  32), (  32,  33), (  33,  34)]
[(  22,  24), (   7,   9), (  23,  25), (   1,   3), (  21,  23), (  31,  33), (  16,  18), (  30,  32), (  27,  29), (   5,   7), (  25,  27), (   9,  11), (  19,  21), (  18,  20), (  20,  22), (   4,   6), (  34,   1), (  29,  31), (  13,  15), (  15,  17), (  14,  16), (  24,  26), (   8,  10), (  28,  30), (   6,   8), (   3,   5), (  17,  19), (   2,   4), (  12,  14), (  32,  34), (  10,  12), (  26,  28), (  11,  13)]
[(   9,  12), (  19,  22), (  31,  34), (  29,  32), (  22,  25), (  17,  20), (  20,  23), (  25,  28), (   8,  11), (  28,  31), (  26,  29), (  18,  21), (  27,  30), (  34,   2), (  30,  33), (  11,  14), (  16,  19), (  21,  24), (   2,   5), (  33,   1), (   5,   8), (  14,  17), (   6,   9), (   4,   7), (  24,  27), (   7,  10), (  12,  15), (  15,  18), (  10,  13), (   3,   6), (   1,   4), (  13,  16), (  23,  26)]
[(  28,  32), (  23,  27), (   9,  13), (  10,  14), (  13,  17), (  11,  15), (  25,  29), (  14,  18), (  12,  16), (   2,   6), (  16,  20), (  30,  34), (   4,   8), (   7,  11), (  32,   1), (  26,  30), (  33,   2), (   5,   9), (  34,   3), (  24,  28), (  27,  31), (   1,   5), (  15,  19), (  29,  33), (  19,  23), (  17,  21), (   6,  10), (  20,  24), (  18,  22), (  21,  25), (  22,  26), (   8,  12), (   3,   7)]
[(  29,  34), (  25,  30), (  11,  16), (  20,  25), (   9,  14), (  22,  27), (  17,  22), (   2,   7), (  18,  23), (  24,  29), (   4,   9), (  32,   2), (  31,   1), (  27,  32), (  14,  19), (  23,  28), (  15,  20), (   7,  12), (  16,  21), (   3,   8), (  34,   4), (  33,   3), (  26,  31), (   6,  11), (  12,  17), (  28,  33), (  13,  18), (   8,  13), (  21,  26), (  10,  15), (  19,  24), (   5,  10), (   1,   6)]
[(  20,  26), (  12,  18), (  21,  27), (   6,  12), (  26,  32), (  24,  30), (  13,  19), (   4,  10), (  33,   4), (  15,  21), (  28,  34), (  27,  33), (  34,   5), (  22,  28), (  11,  17), (  19,  25), (  32,   3), (  10,  16), (  18,  24), (   7,  13), (  30,   1), (   2,   8), (   1,   7), (  14,  20), (  31,   2), (  25,  31), (  16,  22), (   5,  11), (   3,   9), (  23,  29), (   8,  14), (  17,  23), (   9,  15)]
[(   8,  15), (  17,  24), (   5,  12), (  16,  23), (  27,  34), (  19,  26), (  31,   3), (  13,  20), (  21,  28), (  25,  32), (  30,   2), (  24,  31), (  18,  25), (   6,  13), (  34,   6), (   2,   9), (  14,  21), (  26,  33), (  29,   1), (  22,  29), (  10,  17), (   4,  11), (  33,   5), (   3,  10), (   7,  14), (  15,  22), (  32,   4), (   9,  16), (   1,   8), (  12,  19), (  23,  30), (  11,  18), (  20,  27)]
[(  11,  19), (  32,   5), (  24,  32), (  19,  27), (  28,   1), (   2,  10), (   4,  12), (  21,  29), (  26,  34), (  12,  20), (  14,  22), (  17,  25), (  20,  28), (   9,  17), (  29,   2), (   5,  13), (  31,   4), (  22,  30), (  33,   6), (  18,  26), (   7,  15), (  10,  18), (  13,  21), (  15,  23), (   1,   9), (   6,  14), (  23,  31), (  25,  33), (  34,   7), (   8,  16), (   3,  11), (  30,   3), (  16,  24)]
[(  18,  27), (  11,  20), (  10,  19), (  28,   2), (   7,  16), (  25,  34), (   2,  11), (  31,   5), (   5,  14), (   9,  18), (   6,  15), (  14,  23), (   3,  12), (  29,   3), (   4,  13), (  34,   8), (  13,  22), (  27,   1), (  22,  31), (  32,   6), (  23,  32), (  12,  21), (  20,  29), (  17,  26), (  21,  30), (  30,   4), (  24,  33), (   1,  10), (  19,  28), (  33,   7), (  16,  25), (  15,  24), (   8,  17)]
[(   6,  16), (  16,  26), (  33,   8), (  11,  21), (  29,   4), (   3,  13), (  24,  34), (  12,  22), (  20,  30), (  17,  27), (  32,   7), (  26,   1), (   7,  17), (  23,  33), (  21,  31), (  10,  20), (  30,   5), (  15,  25), (   4,  14), (   2,  12), (  18,  28), (  34,   9), (  28,   3), (   8,  18), (   5,  15), (  13,  23), (   1,  11), (  22,  32), (  31,   6), (  14,  24), (  27,   2), (   9,  19), (  19,  29)]
[(   3,  14), (  28,   4), (  26,   2), (  13,  24), (   8,  19), (  32,   8), (  30,   6), (  23,  34), (   6,  17), (  19,  30), (  10,  21), (   4,  15), (  15,  26), (  25,   1), (   7,  18), (  22,  33), (  12,  23), (   2,  13), (  17,  28), (  34,  10), (   9,  20), (  20,  31), (  14,  25), (   5,  16), (  18,  29), (   1,  12), (  29,   5), (  27,   3), (  16,  27), (  11,  22), (  33,   9), (  31,   7), (  21,  32)]
[(  21,  33), (  31,   8), (  17,  29), (  30,   7), (   3,  15), (   9,  21), (  33,  10), (  15,  27), (  19,  31), (   1,  13), (   5,  17), (   7,  19), (  10,  22), (  12,  24), (  26,   3), (  24,   1), (  29,   6), (  34,  11), (  32,   9), (  11,  23), (  13,  25), (  16,  28), (  18,  30), (  22,  34), (   4,  16), (   8,  20), (  25,   2), (  14,  26), (  20,  32), (  28,   5), (   6,  18), (  27,   4), (   2,  14)]
[(   4,  17), (   1,  14), (  15,  28), (   9,  22), (  20,  33), (   5,  18), (  14,  27), (   6,  19), (  25,   3), (  26,   4), (  23,   1), (   3,  16), (  33,  11), (  30,   8), (  12,  25), (  29,   7), (  11,  24), (  28,   6), (  10,  23), (  27,   5), (  24,   2), (  19,  32), (  34,  12), (  31,   9), (  32,  10), (  16,  29), (   8,  21), (  17,  30), (   2,  15), (  13,  26), (   7,  20), (  21,  34), (  18,  31)]
[(  31,  10), (  34,  13), (   6,  20), (  17,  31), (  10,  24), (  14,  28), (  26,   5), (  24,   3), (   1,  15), (   8,  22), (  19,  33), (  29,   8), (  23,   2), (   5,  19), (   9,  23), (  18,  32), (  28,   7), (   3,  17), (  12,  26), (  16,  30), (  33,  12), (  27,   6), (   2,  16), (  13,  27), (  20,  34), (  32,  11), (  30,   9), (   7,  21), (  11,  25), (   4,  18), (  15,  29), (  22,   1), (  25,   4)]
[(  25,   5), (   6,  21), (   7,  22), (  18,  33), (  31,  11), (   1,  16), (  21,   1), (  11,  26), (  22,   2), (  23,   3), (   3,  18), (   5,  20), (  29,   9), (  16,  31), (  28,   8), (  12,  27), (  10,  25), (   8,  23), (  27,   7), (   4,  19), (  26,   6), (  15,  30), (  17,  32), (  32,  12), (  33,  13), (   9,  24), (  34,  14), (  19,  34), (  24,   4), (   2,  17), (  13,  28), (  14,  29), (  30,  10)]
[(   7,  23), (  29,  10), (  14,  30), (  34,  15), (   2,  18), (  23,   4), (  28,   9), (   1,  17), (  32,  13), (  33,  14), (   8,  24), (   6,  22), (  16,  32), (  10,  26), (  24,   5), (  15,  31), (  27,   8), (   4,  20), (  30,  11), (   9,  25), (   3,  19), (  13,  29), (  11,  27), (  21,   2), (  22,   3), (  18,  34), (  26,   7), (  31,  12), (  17,  33), (  20,   1), (   5,  21), (  25,   6), (  12,  28)]
[(  13,  30), (  33,  15), (   1,  18), (  26,   8), (  30,  12), (  12,  29), (  15,  32), (  16,  33), (   7,  24), (  34,  16), (  31,  13), (  28,  10), (  24,   6), (   4,  21), (  10,  27), (  21,   3), (   9,  26), (  32,  14), (   8,  25), (  14,  31), (  29,  11), (  25,   7), (  22,   4), (  19,   1), (  11,  28), (   2,  19), (   3,  20), (   6,  23), (  23,   5), (  27,   9), (  17,  34), (  20,   2), (   5,  22)]