[(   1,   2), (   2,   3), (   3,   4), (   4,   5), (   5,   6), (   6,   7), (   7,   8), (   8,   9), (   9,  10), (  10,  11), (  11,  12), (  12,  13), (  13,  14), (  14,  15), (  15,  16), (  16,  17), (  17,  18), (  18,  19), (  19,  20), (  20,  21), (  21,  22), (  22,  23), (  23,  24), (  24,  25), (  25,  26), (  26,  27), (  27,  28), (  28,  29), (  29,  30), (  30,  31), (  31,  32), (  32,  33), (  33,  34)]
[(  29,  31), (  17,  19), (  28,  30), (  20,  22), (  11,  13), (   2,   4), (  19,  21), (  21,  23), (  25,  27), (  24,  26), (  15,  17), (  32,  34), (   3,   5), (   6,   8), (  26,  28), (  23,  25), (  34,   1), (  10,  12), (   7,   9), (  27,  29), (  30,  32), (   1,   3), (  18,  20), (   9,  11), (   8,  10), (  12,  14), (  14,  16), (  31,  33), (  22,  24), (  13,  15), (   5,   7), (  16,  18), (   4,   6)]
[(  27,  30), (  29,  32), (   6,   9), (  12,  15), (   4,   7), (  23,  26), (  13,  16), (  31,  34), (   8,  11), (  25,  28), (  18,  21), (   2,   5), (  17,  20), (  33,   1), (  10,  13), (  21,  24), (  16,  19), (  11,  14), (  22,  25), (  34,   2), (  15,  18), (  30,  33), (  14,  17), (   7,  10), (  24,  27), (   1,   4), (  19,  22), (   9,  12), (  28,  31), (  20,  23), (  26,  29), (   3,   6), (   5,   8)]
[(  11,  15), (   4,   8), (   8,  12), (  32,   1), (  16,  20), (  14,  18), (   6,  10), (  24,  28), (  30,  34), (  29,  33), (  28,  32), (  19,  23), (  18,  22), (  22,  26), (   5,   9), (  10,  14), (  33,   2), (  21,  25), (  26,  30), (   9,  13), (  13,  17), (  12,  16), (   3,   7), (   2,   6), (   1,   5), (   7,  11), (  25,  29), (  17,  21), (  15,  19), (  34,   3), (  23,  27), (  27,  31), (  20,  24)]
[(   7,  12), (  16,  21), (  17,  22), (  24,  29), (   3,   8), (  25,  30), (  33,   3), (  20,  25), (  21,  26), (   1,   6), (   4,   9), (  22,  27), (  34,   4), (  11,  16), (  12,  17), (   2,   7), (  15,  20), (  28,  33), (  18,  23), (  19,  24), (  31,   1), (   8,  13), (  26,  31), (  29,  34), (   9,  14), (  10,  15), (  32,   2), (   5,  10), (  27,  32), (   6,  11), (  13,  18), (  14,  19), (  23,  28)]
[(   8,  14), (  18,  24), (  26,  32), (  17,  23), (  22,  28), (  27,  33), (  20,  26), (  33,   4), (  16,  22), (  15,  21), (  30,   1), (  10,  16), (   6,  12), (  24,  30), (  25,  31), (  28,  34), (  32,   3), (   1,   7), (   4,  10), (   5,  11), (  23,  29), (  19,  25), (  34,   5), (  14,  20), (  13,  19), (  31,   2), (   9,  15), (   2,   8), (   7,  13), (  12,  18), (   3,   9), (  11,  17), (  21,  27)]
[(   6,  13), (  26,  33), (  16,  23), (   9,  16), (  27,  34), (  10,  17), (  25,  32), (  15,  22), (  33,   5), (   5,  12), (   7,  14), (   8,  15), (  29,   1), (  31,   3), (   4,  11), (  11,  18), (  14,  21), (  17,  24), (  24,  31), (  32,   4), (  34,   6), (  20,  27), (  21,  28), (  23,  30), (  30,   2), (  13,  20), (   3,  10), (  18,  25), (   1,   8), (  19,  26), (  12,  19), (   2,   9), (  22,  29)]
[(  17,  25), (   7,  15), (  29,   2), (  18,  26), (   2,  10), (  28,   1), (  14,  22), (  32,   5), (  15,  23), (  23,  31), (  26,  34), (   6,  14), (  16,  24), (  19,  27), (  24,  32), (   5,  13), (  31,   4), (  22,  30), (   3,  11), (   8,  16), (  11,  19), (  21,  29), (   1,   9), (   4,  12), (  12,  20), (  30,   3), (  13,  21), (  34,   7), (  25,  33), (   9,  17), (  33,   6), (  20,  28), (  10,  18)]
[(  23,  32), (  25,  34), (  15,  24), (  33,   7), (  17,  26), (  12,  21), (  31,   5), (  10,  19), (   4,  13), (   8,  17), (  24,  33), (  21,  30), (  19,  28), (  20,  29), (  29,   3), (  27,   1), (  13,  22), (  34,   8), (  32,   6), (   6,  15), (   7,  16), (   5,  14), (   2,  11), (  18,  27), (  22,  31), (  16,  25), (  30,   4), (  14,  23), (   9,  18), (  28,   2), (  11,  20), (   1,  10), (   3,  12)]
[(  16,  26), (  13,  23), (  11,  21), (  27,   2), (  21,  31), (  34,   9), (  24,  34), (   7,  17), (  32,   7), (   3,  13), (   6,  16), (  29,   4), (  15,  25), (   2,  12), (   8,  18), (  20,  30), (  30,   5), (   5,  15), (  17,  27), (  23,  33), (  10,  20), (  31,   6), (  19,  29), (  22,  32), (  28,   3), (  18,  28), (   1,  11), (  26,   1), (   4,  14), (  33,   8), (  14,  24), (  12,  22), (   9,  19)]
[(  22,  33), (   1,  12), (  25,   1), (  10,  21), (  19,  30), (  13,  24), (  28,   4), (  27,   3), (   6,  17), (  16,  27), (  20,  31), (   9,  20), (  21,  32), (   7,  18), (  30,   6), (  33,   9), (  12,  23), (  26,   2), (  29,   5), (  17,  28), (   3,  14), (  15,  26), (   4,  15), (   8,  19), (  18,  29), (  32,   8), (  31,   7), (  11,  22), (   5,  16), (  14,  25), (  34,  10), (  23,  34), (   2,  13)]
[(   9,  21), (  28,   5), (   7,  19), (  31,   8), (  12,  24), (   8,  20), (  18,  30), (   6,  18), (  19,  31), (  22,  34), (  13,  25), (  24,   1), (  33,  10), (  32,   9), (  21,  33), (   3,  15), (  29,   6), (  20,  32), (   2,  14), (  26,   3), (  25,   2), (  34,  11), (  10,  22), (   1,  13), (   4,  16), (  17,  29), (   5,  17), (  15,  27), (  11,  23), (  27,   4), (  16,  28), (  30,   7), (  14,  26)]
[(   5,  18), (   9,  22), (  18,  31), (  28,   6), (  23,   1), (  16,  29), (   2,  15), (   1,  14), (  24,   2), (   7,  20), (  27,   5), (  25,   3), (  31,   9), (  10,  23), (  14,  27), (  19,  32), (  11,  24), (   3,  16), (   8,  21), (  12,  25), (  26,   4), (  32,  10), (  30,   8), (  15,  28), (  33,  11), (  21,  34), (  20,  33), (   6,  19), (  34,  12), (  29,   7), (   4,  17), (  13,  26), (  17,  30)]
[(  24,   3), (   6,  20), (  34,  13), (  11,  25), (  18,  32), (   5,  19), (   9,  23), (   2,  16), (  14,  28), (  30,   9), (   8,  22), (  17,  31), (  23,   2), (  25,   4), (  20,  34), (  29,   8), (  28,   7), (  27,   6), (   1,  15), (  31,  10), (  33,  12), (   4,  18), (  13,  27), (  26,   5), (   7,  21), (  19,  33), (  12,  26), (  16,  30), (   3,  17), (  10,  24), (  22,   1), (  15,  29), (  32,  11)]
[(  19,  34), (  30,  10), (   5,  20), (  34,  14), (  14,  29), (  31,  11), (  12,  27), (  11,  26), (   3,  18), (   4,  19), (  23,   3), (  18,  33), (  27,   7), (  13,  28), (  22,   2), (  26,   6), (  10,  25), (  29,   9), (  33,  13), (   7,  22), (  28,   8), (   2,  17), (  32,  12), (  16,  31), (  17,  32), (   9,  24), (   8,  23), (  24,   4), (   6,  21), (  21,   1), (  15,  30), (  25,   5), (   1,  16)]
[(   4,  20), (  11,  27), (  33,  14), (   3,  19), (   9,  25), (  22,   3), (   1,  17), (  13,  29), (  20,   1), (   2,  18), (  29,  10), (  26,   7), (  30,  11), (   5,  21), (   7,  23), (  31,  12), (  27,   8), (  23,   4), (  12,  28), (  14,  30), (  24,   5), (  28,   9), (  25,   6), (  17,  33), (  34,  15), (   6,  22), (  18,  34), (  32,  13), (  10,  26), (  16,  32), (  21,   2), (   8,  24), (  15,  31)]
[(  28,  10), (  14,  31), (  10,  27), (  13,  30), (  33,  15), (  15,  32), (  29,  11), (  30,  12), (  12,  29), (  32,  14), (   2,  19), (  11,  28), (  26,   8), (  17,  34), (  19,   1), (  22,   4), (   9,  26), (  31,  13), (  34,  16), (   1,  18), (  27,   9), (   7,  24), (  16,  33), (  21,   3), (   6,  23), (  23,   5), (  24,   6), (   3,  20), (  20,   2), (   5,  22), (   8,  25), (   4,  21), (  25,   7)]