[(   1,   2), (   2,   3), (   3,   4), (   4,   5), (   5,   6), (   6,   7), (   7,   8), (   8,   9), (   9,  10), (  10,  11), (  11,  12), (  12,  13), (  13,  14), (  14,  15), (  15,  16), (  16,  17), (  17,  18), (  18,  19), (  19,  20), (  20,  21), (  21,  22), (  22,  23), (  23,  24), (  24,  25), (  25,  26), (  26,  27), (  27,  28), (  28,  29), (  29,  30), (  30,  31), (  31,  32), (  32,  33), (  33,  34)]
[(  12,  14), (  28,  30), (  29,  31), (  27,  29), (  16,  18), (   2,   4), (  30,  32), (  10,  12), (  22,  24), (  15,  17), (   8,  10), (   1,   3), (  20,  22), (  24,  26), (   7,   9), (  19,  21), (  34,   1), (  14,  16), (  26,  28), (   9,  11), (  13,  15), (  32,  34), (  25,  27), (  18,  20), (  11,  13), (  23,  25), (   3,   5), (  31,  33), (  17,  19), (   6,   8), (   4,   6), (   5,   7), (  21,  23)]
[(   3,   6), (  22,  25), (  21,  24), (  13,  16), (  14,  17), (  17,  20), (  34,   2), (  24,  27), (  25,  28), (   6,   9), (  31,  34), (  30,  33), (  23,  26), (   4,   7), (  20,  23), (  27,  30), (  16,  19), (   5,   8), (  12,  15), (  28,  31), (   9,  12), (   2,   5), (   1,   4), (  26,  29), (   7,  10), (   8,  11), (  33,   1), (  15,  18), (  18,  21), (  19,  22), (  11,  14), (  10,  13), (  29,  32)]
[(  20,  24), (  13,  17), (  10,  14), (   8,  12), (   4,   8), (  34,   3), (  14,  18), (   7,  11), (  16,  20), (  22,  26), (  19,  23), (  28,  32), (  30,  34), (   2,   6), (  26,  30), (   6,  10), (  33,   2), (  25,  29), (   5,   9), (  29,  33), (   1,   5), (   3,   7), (  12,  16), (   9,  13), (  15,  19), (  24,  28), (  17,  21), (  32,   1), (  27,  31), (  23,  27), (  21,  25), (  18,  22), (  11,  15)]
[(  22,  27), (  21,  26), (  17,  22), (  19,  24), (  29,  34), (  10,  15), (  26,  31), (  25,  30), (  34,   4), (  18,  23), (  28,  33), (   6,  11), (  16,  21), (  33,   3), (  27,  32), (  23,  28), (  15,  20), (   7,  12), (   3,   8), (  32,   2), (  14,  19), (  24,  29), (   2,   7), (  12,  17), (  31,   1), (   5,  10), (   4,   9), (  20,  25), (   1,   6), (  11,  16), (  13,  18), (   9,  14), (   8,  13)]
[(  23,  29), (   8,  14), (  20,  26), (  22,  28), (   1,   7), (  30,   1), (   5,  11), (  13,  19), (  27,  33), (  14,  20), (  26,  32), (  10,  16), (  12,  18), (  25,  31), (  18,  24), (  31,   2), (  32,   3), (  33,   4), (  11,  17), (   4,  10), (  17,  23), (  19,  25), (   3,   9), (  15,  21), (   2,   8), (  16,  22), (  24,  30), (  34,   5), (  28,  34), (   7,  13), (   9,  15), (  21,  27), (   6,  12)]
[(   4,  11), (  11,  18), (  30,   2), (   2,   9), (  21,  28), (  19,  26), (  16,  23), (  34,   6), (   1,   8), (  25,  32), (  20,  27), (  22,  29), (  31,   3), (  10,  17), (   5,  12), (  15,  22), (  14,  21), (  13,  20), (  23,  30), (  18,  25), (  32,   4), (   6,  13), (   8,  15), (   3,  10), (  27,  34), (  29,   1), (  12,  19), (   9,  16), (   7,  14), (  26,  33), (  33,   5), (  17,  24), (  24,  31)]
[(   5,  13), (   4,  12), (   1,   9), (   7,  15), (  19,  27), (  13,  21), (  17,  25), (  29,   2), (   3,  11), (  30,   3), (  16,  24), (  15,  23), (   9,  17), (  21,  29), (   2,  10), (  34,   7), (  31,   4), (  28,   1), (  25,  33), (   6,  14), (  18,  26), (  12,  20), (  11,  19), (  32,   5), (  24,  32), (  33,   6), (  10,  18), (  14,  22), (   8,  16), (  20,  28), (  26,  34), (  23,  31), (  22,  30)]
[(  19,  28), (   1,  10), (  32,   6), (  11,  20), (  24,  33), (  16,  25), (   3,  12), (  17,  26), (  14,  23), (  31,   5), (   6,  15), (  18,  27), (  33,   7), (  34,   8), (  22,  31), (   5,  14), (  13,  22), (  21,  30), (   4,  13), (  27,   1), (  28,   2), (   8,  17), (  20,  29), (  30,   4), (  12,  21), (   9,  18), (  23,  32), (  10,  19), (   2,  11), (  15,  24), (  29,   3), (  25,  34), (   7,  16)]
[(  16,  26), (  31,   6), (  18,  28), (  26,   1), (  15,  25), (  23,  33), (  19,  29), (   5,  15), (  21,  31), (  27,   2), (   3,  13), (  14,  24), (   1,  11), (  12,  22), (  28,   3), (   8,  18), (  30,   5), (  17,  27), (  32,   7), (  13,  23), (  24,  34), (  11,  21), (  22,  32), (  33,   8), (   4,  14), (  20,  30), (   6,  16), (   2,  12), (  10,  20), (  34,   9), (   7,  17), (  29,   4), (   9,  19)]
[(  31,   7), (  29,   5), (   5,  16), (  21,  32), (  11,  22), (  18,  29), (  22,  33), (  20,  31), (   7,  18), (   1,  12), (  25,   1), (   9,  20), (  32,   8), (  16,  27), (  14,  25), (  33,   9), (  12,  23), (  26,   2), (  10,  21), (   8,  19), (  27,   3), (  15,  26), (  34,  10), (  23,  34), (  17,  28), (   4,  15), (   2,  13), (   6,  17), (  13,  24), (   3,  14), (  19,  30), (  30,   6), (  28,   4)]
[(  33,  10), (  15,  27), (   7,  19), (  18,  30), (  32,   9), (  12,  24), (   1,  13), (  21,  33), (  17,  29), (   4,  16), (   9,  21), (  31,   8), (  28,   5), (  20,  32), (  34,  11), (  13,  25), (  29,   6), (  10,  22), (  24,   1), (   3,  15), (  30,   7), (  27,   4), (  14,  26), (  19,  31), (   6,  18), (   2,  14), (  22,  34), (  11,  23), (  26,   3), (   5,  17), (  16,  28), (   8,  20), (  25,   2)]
[(   8,  21), (  19,  32), (  12,  25), (  25,   3), (  13,  26), (  27,   5), (  15,  28), (  23,   1), (   2,  15), (  21,  34), (  29,   7), (   4,  17), (  24,   2), (   5,  18), (   6,  19), (  26,   4), (  11,  24), (  31,   9), (  16,  29), (  17,  30), (  33,  11), (  18,  31), (  28,   6), (   1,  14), (  20,  33), (  34,  12), (   7,  20), (  30,   8), (   9,  22), (  32,  10), (  10,  23), (   3,  16), (  14,  27)]
[(  18,  32), (  20,  34), (  34,  13), (  31,  10), (  23,   2), (   8,  22), (  10,  24), (  14,  28), (   5,  19), (  19,  33), (   4,  18), (  26,   5), (  15,  29), (   9,  23), (  29,   8), (  24,   3), (  28,   7), (  32,  11), (  27,   6), (  12,  26), (   6,  20), (  30,   9), (  17,  31), (   2,  16), (  16,  30), (   7,  21), (  11,  25), (  13,  27), (  33,  12), (  25,   4), (  22,   1), (   1,  15), (   3,  17)]
[(  15,  30), (   9,  24), (   8,  23), (  34,  14), (  30,  10), (  31,  11), (   6,  21), (   3,  18), (  26,   6), (  28,   8), (   2,  17), (  19,  34), (   4,  19), (  13,  28), (  33,  13), (  32,  12), (  10,  25), (  23,   3), (  22,   2), (   7,  22), (  16,  31), (   1,  16), (  18,  33), (  27,   7), (  29,   9), (  17,  32), (  14,  29), (  24,   4), (  25,   5), (  21,   1), (  12,  27), (  11,  26), (   5,  20)]
[(   9,  25), (   7,  23), (  11,  27), (  17,  33), (  31,  12), (  28,   9), (   4,  20), (  16,  32), (  32,  13), (  13,  29), (  14,  30), (  21,   2), (  25,   6), (  30,  11), (   1,  17), (  20,   1), (  27,   8), (  34,  15), (  18,  34), (  24,   5), (  29,  10), (  33,  14), (   5,  21), (   6,  22), (  22,   3), (   3,  19), (  15,  31), (  26,   7), (  23,   4), (   2,  18), (   8,  24), (  12,  28), (  10,  26)]
[(  17,  34), (  16,  33), (  33,  15), (   6,  23), (   3,  20), (  32,  14), (  27,   9), (  22,   4), (  30,  12), (   7,  24), (   5,  22), (  25,   7), (  10,  27), (  19,   1), (   4,  21), (  29,  11), (   9,  26), (  24,   6), (  14,  31), (  34,  16), (   8,  25), (  28,  10), (  13,  30), (  11,  28), (  23,   5), (  31,  13), (  26,   8), (  21,   3), (  15,  32), (  12,  29), (  20,   2), (   2,  19), (   1,  18)]