[(   1,   2), (   2,   3), (   3,   4), (   4,   5), (   5,   6), (   6,   7), (   7,   8), (   8,   9), (   9,  10), (  10,  11), (  11,  12), (  12,  13), (  13,  14), (  14,  15), (  15,  16), (  16,  17), (  17,  18), (  18,  19), (  19,  20), (  20,  21), (  21,  22), (  22,  23), (  23,  24), (  24,  25), (  25,  26), (  26,  27), (  27,  28), (  28,  29), (  29,  30), (  30,  31), (  31,  32), (  32,  33), (  33,  34)]
[(  25,  27), (  12,  14), (  15,  17), (   9,  11), (  17,  19), (  22,  24), (  10,  12), (  31,  33), (  20,  22), (   5,   7), (   6,   8), (   7,   9), (  19,  21), (   4,   6), (   3,   5), (  32,  34), (  34,   1), (   1,   3), (  30,  32), (  29,  31), (  14,  16), (  26,  28), (  27,  29), (  28,  30), (  13,  15), (   2,   4), (  23,  25), (  11,  13), (  16,  18), (  24,  26), (  18,  20), (  21,  23), (   8,  10)]
[(  29,  32), (   1,   4), (  26,  29), (  15,  18), (  11,  14), (   2,   5), (  14,  17), (  20,  23), (  33,   1), (  23,  26), (   7,  10), (  28,  31), (   8,  11), (  13,  16), (  10,  13), (  27,  30), (  16,  19), (   5,   8), (  22,  25), (  19,  22), (  24,  27), (   4,   7), (  25,  28), (   9,  12), (  34,   2), (  12,  15), (  18,  21), (  30,  33), (  21,  24), (  17,  20), (   6,   9), (  31,  34), (   3,   6)]
[(   3,   7), (  29,  33), (   6,  10), (  10,  14), (  12,  16), (   8,  12), (  26,  30), (  15,  19), (  27,  31), (  17,  21), (  32,   1), (  20,  24), (  30,  34), (  24,  28), (  18,  22), (  22,  26), (  33,   2), (   9,  13), (  13,  17), (   7,  11), (   1,   5), (  11,  15), (  34,   3), (  14,  18), (   4,   8), (  16,  20), (   5,   9), (  23,  27), (  19,  23), (  21,  25), (  25,  29), (   2,   6), (  28,  32)]
[(  23,  28), (  27,  32), (  31,   1), (  21,  26), (  32,   2), (  26,  31), (  20,  25), (  24,  29), (  18,  23), (  29,  34), (  16,  21), (   5,  10), (  17,  22), (  22,  27), (  19,  24), (  28,  33), (  15,  20), (   2,   7), (  11,  16), (   8,  13), (  13,  18), (  25,  30), (  14,  19), (   1,   6), (  12,  17), (   6,  11), (  10,  15), (   4,   9), (  33,   3), (   9,  14), (  34,   4), (   3,   8), (   7,  12)]
[(  15,  21), (  17,  23), (  16,  22), (  25,  31), (  27,  33), (  11,  17), (   5,  11), (  10,  16), (   6,  12), (  22,  28), (  34,   5), (  21,  27), (  33,   4), (  26,  32), (   1,   7), (   9,  15), (  32,   3), (  20,  26), (  28,  34), (   3,   9), (  31,   2), (   8,  14), (  30,   1), (   7,  13), (  23,  29), (  19,  25), (  24,  30), (  18,  24), (   2,   8), (   4,  10), (  13,  19), (  12,  18), (  14,  20)]
[(  13,  20), (   9,  16), (  27,  34), (  17,  24), (  29,   1), (  20,  27), (  16,  23), (   4,  11), (  25,  32), (  32,   4), (  22,  29), (  23,  30), (  18,  25), (  33,   5), (   2,   9), (   7,  14), (  14,  21), (  21,  28), (  26,  33), (  30,   2), (  10,  17), (   5,  12), (   6,  13), (  31,   3), (   3,  10), (  24,  31), (  12,  19), (   8,  15), (  34,   6), (  11,  18), (   1,   8), (  19,  26), (  15,  22)]
[(  16,  24), (  34,   7), (  24,  32), (   8,  16), (  18,  26), (  15,  23), (  29,   2), (   5,  13), (   7,  15), (   1,   9), (  23,  31), (  14,  22), (  32,   5), (  17,  25), (  21,  29), (   2,  10), (  31,   4), (  25,  33), (   6,  14), (  10,  18), (  30,   3), (  13,  21), (   4,  12), (  26,  34), (  20,  28), (  22,  30), (  33,   6), (  12,  20), (   9,  17), (  19,  27), (   3,  11), (  28,   1), (  11,  19)]
[(   5,  14), (  10,  19), (  12,  21), (  28,   2), (  25,  34), (  19,  28), (   4,  13), (  17,  26), (   2,  11), (  18,  27), (  15,  24), (   6,  15), (  29,   3), (  34,   8), (  30,   4), (   3,  12), (  13,  22), (  23,  32), (  31,   5), (  27,   1), (  32,   6), (  20,  29), (  11,  20), (   8,  17), (  24,  33), (   9,  18), (  22,  31), (   7,  16), (   1,  10), (  33,   7), (  14,  23), (  16,  25), (  21,  30)]
[(  34,   9), (  15,  25), (  18,  28), (  23,  33), (  13,  23), (  29,   4), (  21,  31), (  28,   3), (  16,  26), (   3,  13), (  20,  30), (  33,   8), (   6,  16), (   1,  11), (  17,  27), (  11,  21), (  30,   5), (  14,  24), (   8,  18), (  24,  34), (  19,  29), (  27,   2), (   5,  15), (  22,  32), (   9,  19), (  32,   7), (   4,  14), (  31,   6), (  12,  22), (   2,  12), (   7,  17), (  10,  20), (  26,   1)]
[(  11,  22), (  20,  31), (   2,  13), (  30,   6), (  28,   4), (  34,  10), (  27,   3), (  21,  32), (   8,  19), (  19,  30), (  17,  28), (  26,   2), (  15,  26), (  10,  21), (  23,  34), (  18,  29), (  12,  23), (   6,  17), (   1,  12), (  14,  25), (   9,  20), (  33,   9), (   7,  18), (   5,  16), (  16,  27), (   3,  14), (  32,   8), (  25,   1), (  31,   7), (  29,   5), (  22,  33), (   4,  15), (  13,  24)]
[(   6,  18), (  18,  30), (   7,  19), (  20,  32), (  10,  22), (   9,  21), (  22,  34), (  25,   2), (  28,   5), (   2,  14), (  26,   3), (  34,  11), (  12,  24), (  19,  31), (  31,   8), (   8,  20), (  29,   6), (  15,  27), (  27,   4), (   4,  16), (  11,  23), (  24,   1), (  32,   9), (  21,  33), (  30,   7), (  33,  10), (   1,  13), (  14,  26), (  13,  25), (   3,  15), (  16,  28), (   5,  17), (  17,  29)]
[(   4,  17), (  13,  26), (  33,  11), (  29,   7), (  30,   8), (  25,   3), (  19,  32), (   1,  14), (  17,  30), (  12,  25), (  14,  27), (  16,  29), (  31,   9), (   7,  20), (  20,  33), (  23,   1), (  11,  24), (  34,  12), (   2,  15), (  15,  28), (  26,   4), (   6,  19), (   8,  21), (  10,  23), (   5,  18), (  21,  34), (   3,  16), (  32,  10), (  27,   5), (  28,   6), (  24,   2), (   9,  22), (  18,  31)]
[(  19,  33), (   8,  22), (   9,  23), (  34,  13), (   7,  21), (  18,  32), (   1,  15), (  27,   6), (  24,   3), (   6,  20), (   4,  18), (  25,   4), (  23,   2), (  30,   9), (  11,  25), (   5,  19), (  28,   7), (  16,  30), (  10,  24), (  26,   5), (  33,  12), (  31,  10), (  17,  31), (  15,  29), (  32,  11), (  29,   8), (  20,  34), (   3,  17), (  14,  28), (  22,   1), (  12,  26), (  13,  27), (   2,  16)]
[(  30,  10), (   6,  21), (   5,  20), (  12,  27), (   9,  24), (   1,  16), (  18,  33), (   7,  22), (  34,  14), (  16,  31), (  33,  13), (  17,  32), (  27,   7), (  23,   3), (  26,   6), (  24,   4), (  10,  25), (  31,  11), (  29,   9), (  32,  12), (  28,   8), (   3,  18), (  22,   2), (   4,  19), (  21,   1), (  13,  28), (   2,  17), (  19,  34), (  11,  26), (   8,  23), (  15,  30), (  14,  29), (  25,   5)]
[(  31,  12), (  24,   5), (  14,  30), (  22,   3), (  15,  31), (  33,  14), (  28,   9), (  18,  34), (  13,  29), (   8,  24), (   9,  25), (   3,  19), (  20,   1), (   2,  18), (  12,  28), (  25,   6), (  27,   8), (  29,  10), (   7,  23), (  17,  33), (  34,  15), (  16,  32), (  10,  26), (  11,  27), (   6,  22), (   1,  17), (  26,   7), (  21,   2), (   4,  20), (  32,  13), (   5,  21), (  30,  11), (  23,   4)]
[(  26,   8), (  11,  28), (   8,  25), (  19,   1), (   3,  20), (  13,  30), (  24,   6), (  30,  12), (   4,  21), (  33,  15), (   2,  19), (   1,  18), (  28,  10), (  12,  29), (  32,  14), (  31,  13), (   9,  26), (  22,   4), (  21,   3), (   6,  23), (  25,   7), (  17,  34), (  16,  33), (  20,   2), (  14,  31), (  23,   5), (  29,  11), (   5,  22), (  15,  32), (  34,  16), (  10,  27), (   7,  24), (  27,   9)]