[(   1,   2), (   2,   3), (   3,   4), (   4,   5), (   5,   6), (   6,   7), (   7,   8), (   8,   9), (   9,  10), (  10,  11), (  11,  12), (  12,  13), (  13,  14), (  14,  15), (  15,  16), (  16,  17), (  17,  18), (  18,  19), (  19,  20), (  20,  21), (  21,  22), (  22,  23), (  23,  24), (  24,  25), (  25,  26), (  26,  27), (  27,  28), (  28,  29), (  29,  30), (  30,  31), (  31,  32), (  32,  33), (  33,  34)]
[(  20,  22), (  25,  27), (  22,  24), (  23,  25), (   7,   9), (  15,  17), (   4,   6), (  14,  16), (  27,  29), (  31,  33), (   5,   7), (  17,  19), (  30,  32), (   1,   3), (  21,  23), (  24,  26), (  34,   1), (   9,  11), (  12,  14), (  32,  34), (   3,   5), (  16,  18), (  28,  30), (   2,   4), (   6,   8), (  19,  21), (  29,  31), (  18,  20), (  26,  28), (  10,  12), (  11,  13), (   8,  10), (  13,  15)]
[(  15,  18), (   1,   4), (   2,   5), (  33,   1), (  28,  31), (  22,  25), (  29,  32), (  25,  28), (  13,  16), (  14,  17), (  20,  23), (   5,   8), (  23,  26), (   6,   9), (  11,  14), (   8,  11), (  16,  19), (  24,  27), (  21,  24), (  26,  29), (   9,  12), (  27,  30), (  12,  15), (  18,  21), (  19,  22), (   7,  10), (   3,   6), (  10,  13), (   4,   7), (  34,   2), (  30,  33), (  31,  34), (  17,  20)]
[(  34,   3), (   5,   9), (  10,  14), (  11,  15), (   8,  12), (  24,  28), (  16,  20), (   1,   5), (  22,  26), (  18,  22), (  17,  21), (  29,  33), (  12,  16), (  27,  31), (  25,  29), (  28,  32), (  33,   2), (   3,   7), (   6,  10), (   4,   8), (  19,  23), (   2,   6), (  14,  18), (  13,  17), (   9,  13), (  30,  34), (  15,  19), (   7,  11), (  23,  27), (  20,  24), (  21,  25), (  26,  30), (  32,   1)]
[(  23,  28), (  12,  17), (  26,  31), (  13,  18), (  25,  30), (  11,  16), (  22,  27), (  29,  34), (  20,  25), (   3,   8), (  24,  29), (   9,  14), (   2,   7), (  34,   4), (  33,   3), (  14,  19), (  15,  20), (  16,  21), (  32,   2), (  31,   1), (  28,  33), (  21,  26), (   6,  11), (  27,  32), (  10,  15), (   1,   6), (   8,  13), (  19,  24), (   5,  10), (  17,  22), (   4,   9), (  18,  23), (   7,  12)]
[(  33,   4), (  26,  32), (  27,  33), (  10,  16), (  20,  26), (  21,  27), (  12,  18), (  11,  17), (  34,   5), (  23,  29), (   4,  10), (  24,  30), (  15,  21), (  16,  22), (   7,  13), (   1,   7), (  32,   3), (  28,  34), (  22,  28), (  13,  19), (  14,  20), (   5,  11), (  25,  31), (   6,  12), (  30,   1), (  18,  24), (  17,  23), (   8,  14), (   9,  15), (  19,  25), (   2,   8), (   3,   9), (  31,   2)]
[(  19,  26), (  16,  23), (   8,  15), (  24,  31), (  29,   1), (   3,  10), (  26,  33), (  23,  30), (  17,  24), (  13,  20), (  30,   2), (  21,  28), (  31,   3), (  18,  25), (   1,   8), (  22,  29), (  14,  21), (   6,  13), (  27,  34), (  10,  17), (  32,   4), (   7,  14), (  33,   5), (  15,  22), (  11,  18), (   5,  12), (   2,   9), (  25,  32), (  34,   6), (   4,  11), (  20,  27), (  12,  19), (   9,  16)]
[(   8,  16), (  20,  28), (  11,  19), (  29,   2), (  13,  21), (  18,  26), (   1,   9), (  10,  18), (   3,  11), (  34,   7), (   6,  14), (  23,  31), (  25,  33), (  32,   5), (  12,  20), (   5,  13), (  31,   4), (  22,  30), (  15,  23), (  30,   3), (   2,  10), (   4,  12), (  21,  29), (  28,   1), (  24,  32), (  17,  25), (  26,  34), (   9,  17), (  14,  22), (  33,   6), (  16,  24), (   7,  15), (  19,  27)]
[(  12,  21), (   6,  15), (  21,  30), (  19,  28), (  10,  19), (  31,   5), (  15,  24), (  32,   6), (  28,   2), (  27,   1), (  25,  34), (   2,  11), (   8,  17), (  17,  26), (  22,  31), (   3,  12), (  13,  22), (  23,  32), (   4,  13), (   9,  18), (  18,  27), (  24,  33), (   1,  10), (  34,   8), (  33,   7), (  29,   3), (  11,  20), (  30,   4), (  16,  25), (   7,  16), (   5,  14), (  20,  29), (  14,  23)]
[(   7,  17), (  19,  29), (  13,  23), (  34,   9), (  14,  24), (  29,   4), (   3,  13), (  21,  31), (   8,  18), (   2,  12), (  28,   3), (  16,  26), (  10,  20), (  20,  30), (  24,  34), (  27,   2), (  30,   5), (  33,   8), (   1,  11), (   5,  15), (  15,  25), (   9,  19), (  32,   7), (  23,  33), (  17,  27), (   4,  14), (  22,  32), (  31,   6), (  11,  21), (  26,   1), (  12,  22), (   6,  16), (  18,  28)]
[(  30,   6), (   7,  18), (   1,  12), (  32,   8), (  22,  33), (  33,   9), (  19,  30), (  13,  24), (   4,  15), (  21,  32), (  16,  27), (  25,   1), (  18,  29), (  10,  21), (  28,   4), (   9,  20), (  12,  23), (  15,  26), (  31,   7), (  14,  25), (   6,  17), (  34,  10), (   8,  19), (   3,  14), (  20,  31), (  11,  22), (   5,  16), (  26,   2), (   2,  13), (  27,   3), (  23,  34), (  17,  28), (  29,   5)]
[(  13,  25), (  22,  34), (   6,  18), (  14,  26), (   4,  16), (   8,  20), (  25,   2), (  27,   4), (  30,   7), (  16,  28), (  32,   9), (   3,  15), (  34,  11), (  12,  24), (   5,  17), (  21,  33), (  29,   6), (   2,  14), (  18,  30), (  11,  23), (  24,   1), (  20,  32), (  26,   3), (   7,  19), (  28,   5), (  31,   8), (  33,  10), (  15,  27), (  19,  31), (   9,  21), (  17,  29), (   1,  13), (  10,  22)]
[(  27,   5), (   8,  21), (  16,  29), (  17,  30), (   2,  15), (   1,  14), (  10,  23), (   7,  20), (  23,   1), (  26,   4), (  13,  26), (  32,  10), (  28,   6), (  33,  11), (  19,  32), (  18,  31), (  11,  24), (   4,  17), (   3,  16), (  24,   2), (  29,   7), (  25,   3), (   9,  22), (  31,   9), (  34,  12), (  15,  28), (  12,  25), (  21,  34), (  20,  33), (   5,  18), (   6,  19), (  14,  27), (  30,   8)]
[(  32,  11), (  10,  24), (  20,  34), (   7,  21), (  18,  32), (  23,   2), (  17,  31), (  12,  26), (  19,  33), (   5,  19), (   8,  22), (   6,  20), (  22,   1), (  29,   8), (  30,   9), (  25,   4), (  28,   7), (  31,  10), (  26,   5), (  27,   6), (  34,  13), (  15,  29), (  13,  27), (  16,  30), (   2,  16), (   9,  23), (   4,  18), (  33,  12), (   3,  17), (  14,  28), (   1,  15), (  11,  25), (  24,   3)]
[(   9,  24), (  31,  11), (  17,  32), (  12,  27), (  23,   3), (  19,  34), (  34,  14), (  22,   2), (   6,  21), (  15,  30), (  18,  33), (  27,   7), (   4,  19), (  13,  28), (  26,   6), (  30,  10), (  10,  25), (  25,   5), (  29,   9), (   7,  22), (  16,  31), (  28,   8), (   2,  17), (   5,  20), (  14,  29), (  33,  13), (  21,   1), (   1,  16), (  32,  12), (   8,  23), (   3,  18), (  24,   4), (  11,  26)]
[(  29,  10), (  33,  14), (  28,   9), (   6,  22), (  11,  27), (  32,  13), (   5,  21), (   3,  19), (  31,  12), (   9,  25), (  15,  31), (  18,  34), (  24,   5), (   7,  23), (   2,  18), (  34,  15), (  27,   8), (  20,   1), (  17,  33), (  12,  28), (  30,  11), (   1,  17), (   4,  20), (  10,  26), (  23,   4), (  16,  32), (  14,  30), (  22,   3), (   8,  24), (  13,  29), (  26,   7), (  21,   2), (  25,   6)]
[(  14,  31), (  13,  30), (  25,   7), (   3,  20), (  17,  34), (  30,  12), (  11,  28), (  33,  15), (  32,  14), (  24,   6), (  19,   1), (  22,   4), (  27,   9), (   2,  19), (  10,  27), (   6,  23), (   9,  26), (  12,  29), (   8,  25), (  16,  33), (  26,   8), (  31,  13), (  34,  16), (  29,  11), (  21,   3), (  20,   2), (   7,  24), (  23,   5), (   1,  18), (  15,  32), (  28,  10), (   5,  22), (   4,  21)]