[(   1,   2), (   2,   3), (   3,   4), (   4,   5), (   5,   6), (   6,   7), (   7,   8), (   8,   9), (   9,  10), (  10,  11), (  11,  12), (  12,  13), (  13,  14), (  14,  15), (  15,  16), (  16,  17), (  17,  18), (  18,  19), (  19,  20), (  20,  21), (  21,  22), (  22,  23), (  23,  24), (  24,  25), (  25,  26), (  26,  27), (  27,  28), (  28,  29), (  29,  30)]
[(   9,  11), (   4,   6), (  21,  23), (   8,  10), (  10,  12), (   3,   5), (  13,  15), (  16,  18), (  27,  29), (  20,  22), (  25,  27), (  28,  30), (  15,  17), (  19,  21), (  30,   1), (   2,   4), (  24,  26), (   5,   7), (   7,   9), (   6,   8), (  26,  28), (  11,  13), (  14,  16), (  17,  19), (  12,  14), (   1,   3), (  22,  24), (  18,  20), (  23,  25)]
[(  25,  28), (  22,  25), (   9,  12), (  19,  22), (  16,  19), (   8,  11), (   3,   6), (  26,  29), (   5,   8), (  29,   1), (  18,  21), (  20,  23), (   6,   9), (   4,   7), (  14,  17), (  27,  30), (   7,  10), (  23,  26), (  30,   2), (  10,  13), (  13,  16), (  12,  15), (   2,   5), (  15,  18), (  24,  27), (  21,  24), (  17,  20), (   1,   4), (  11,  14)]
[(  12,  16), (   8,  12), (   2,   6), (  16,  20), (  20,  24), (  17,  21), (  22,  26), (   1,   5), (  15,  19), (   9,  13), (   5,   9), (   7,  11), (  28,   1), (  24,  28), (  29,   2), (  18,  22), (  25,  29), (  10,  14), (  14,  18), (  11,  15), (  30,   3), (  21,  25), (  26,  30), (   3,   7), (   6,  10), (   4,   8), (  19,  23), (  23,  27), (  13,  17)]
[(  18,  23), (  10,  15), (  25,  30), (  24,  29), (  22,  27), (   4,   9), (  23,  28), (   7,  12), (  12,  17), (  19,  24), (  30,   4), (  16,  21), (  20,  25), (  29,   3), (  13,  18), (   6,  11), (   8,  13), (   3,   8), (  17,  22), (   2,   7), (   5,  10), (  28,   2), (  27,   1), (  11,  16), (  15,  20), (   9,  14), (   1,   6), (  14,  19), (  21,  26)]
[(  20,  26), (  13,  19), (  11,  17), (   7,  13), (   1,   7), (  14,  20), (  24,  30), (  21,  27), (  22,  28), (  27,   2), (   2,   8), (   8,  14), (   4,  10), (  17,  23), (  28,   3), (  19,  25), (   9,  15), (  15,  21), (  29,   4), (  18,  24), (  12,  18), (  26,   1), (   6,  12), (  30,   5), (  16,  22), (  23,  29), (   5,  11), (  10,  16), (   3,   9)]
[(   6,  13), (  14,  21), (   7,  14), (  21,  28), (  28,   4), (  25,   1), (  10,  17), (  15,  22), (  13,  20), (   8,  15), (  19,  26), (  26,   2), (  27,   3), (  18,  25), (  12,  19), (   3,  10), (  30,   6), (  22,  29), (  16,  23), (  23,  30), (  17,  24), (   9,  16), (   4,  11), (  20,  27), (  29,   5), (  11,  18), (   2,   9), (   5,  12), (   1,   8)]
[(  22,  30), (  16,  24), (   8,  16), (   1,   9), (   9,  17), (  19,  27), (  11,  19), (   2,  10), (  26,   3), (  18,  26), (  15,  23), (  17,  25), (  21,  29), (  12,  20), (  27,   4), (  24,   1), (  14,  22), (  20,  28), (  28,   5), (   4,  12), (  25,   2), (  29,   6), (  13,  21), (   6,  14), (   3,  11), (   5,  13), (  10,  18), (  30,   7), (   7,  15)]
[(  10,  19), (  18,  27), (  20,  29), (   6,  15), (  21,  30), (  15,  24), (   5,  14), (  25,   3), (  23,   1), (  28,   6), (  13,  22), (   1,  10), (   7,  16), (   2,  11), (  11,  20), (  14,  23), (  27,   5), (  24,   2), (  12,  21), (  17,  26), (  29,   7), (  30,   8), (   9,  18), (  26,   4), (   4,  13), (  16,  25), (   3,  12), (   8,  17), (  19,  28)]
[(   4,  14), (  20,  30), (  18,  28), (  17,  27), (  13,  23), (  16,  26), (  25,   4), (  14,  24), (  11,  21), (   7,  17), (  28,   7), (  27,   6), (  23,   2), (  30,   9), (  26,   5), (   5,  15), (   1,  11), (   6,  16), (   3,  13), (  19,  29), (   9,  19), (  10,  20), (  15,  25), (  22,   1), (   8,  18), (  12,  22), (  29,   8), (  24,   3), (   2,  12)]
[(  27,   7), (  29,   9), (  13,  24), (  23,   3), (  15,  26), (  22,   2), (   9,  20), (  17,  28), (  24,   4), (   3,  14), (   6,  17), (  18,  29), (  19,  30), (   5,  16), (  10,  21), (  28,   8), (  12,  23), (   1,  12), (  26,   6), (  25,   5), (   4,  15), (   7,  18), (   8,  19), (   2,  13), (  21,   1), (  30,  10), (  14,  25), (  11,  22), (  16,  27)]
[(   5,  17), (  26,   7), (  15,  27), (  14,  26), (   2,  14), (  18,  30), (  21,   2), (  11,  23), (   6,  18), (  23,   4), (  20,   1), (   3,  15), (  12,  24), (   1,  13), (  25,   6), (   9,  21), (  16,  28), (  30,  11), (  27,   8), (  22,   3), (   8,  20), (  24,   5), (  17,  29), (  29,  10), (  28,   9), (   7,  19), (   4,  16), (  13,  25), (  10,  22)]
[(  21,   3), (  23,   5), (  19,   1), (  30,  12), (  29,  11), (  10,  23), (  16,  29), (   6,  19), (  25,   7), (  12,  25), (   3,  16), (  22,   4), (   5,  18), (  26,   8), (   9,  22), (   7,  20), (  20,   2), (   4,  17), (  11,  24), (  27,   9), (   1,  14), (  14,  27), (  28,  10), (   8,  21), (  17,  30), (  15,  28), (  13,  26), (   2,  15), (  24,   6)]
[(  15,  29), (  28,  11), (  22,   5), (  11,  25), (  25,   8), (  29,  12), (  18,   1), (  30,  13), (   2,  16), (  16,  30), (  10,  24), (   5,  19), (   8,  22), (  27,  10), (  24,   7), (  12,  26), (  21,   4), (  13,  27), (   1,  15), (  14,  28), (  23,   6), (   3,  17), (  20,   3), (   9,  23), (  19,   2), (   6,  20), (   7,  21), (  26,   9), (   4,  18)]
[(  24,   8), (  17,   1), (  26,  10), (  18,   2), (   3,  18), (  13,  28), (  12,  27), (  20,   4), (  30,  14), (  21,   5), (  14,  29), (   9,  24), (  11,  26), (  22,   6), (   8,  23), (  29,  13), (  19,   3), (  25,   9), (  10,  25), (   1,  16), (  27,  11), (   4,  19), (   7,  22), (  28,  12), (  23,   7), (   2,  17), (  15,  30), (   6,  21), (   5,  20)]