[(   1,   2), (   2,   3), (   3,   4), (   4,   5), (   5,   6), (   6,   7), (   7,   8), (   8,   9), (   9,  10), (  10,  11), (  11,  12), (  12,  13), (  13,  14), (  14,  15), (  15,  16), (  16,  17), (  17,  18), (  18,  19), (  19,  20), (  20,  21), (  21,  22), (  22,  23), (  23,  24), (  24,  25), (  25,  26), (  26,  27), (  27,  28), (  28,  29), (  29,  30)]
[(  16,  18), (   4,   6), (   6,   8), (  22,  24), (  10,  12), (  12,  14), (  14,  16), (  19,  21), (  15,  17), (  20,  22), (   7,   9), (  24,  26), (  26,  28), (  28,  30), (  18,  20), (   1,   3), (   3,   5), (  27,  29), (  25,  27), (   9,  11), (  13,  15), (  30,   1), (  11,  13), (  17,  19), (   5,   7), (   8,  10), (  23,  25), (  21,  23), (   2,   4)]
[(  26,  29), (  18,  21), (  19,  22), (  27,  30), (  22,  25), (  23,  26), (  10,  13), (   2,   5), (   3,   6), (  29,   1), (  24,  27), (   7,  10), (  20,  23), (  17,  20), (   5,   8), (  11,  14), (   8,  11), (  12,  15), (  14,  17), (  30,   2), (   4,   7), (  15,  18), (  25,  28), (  13,  16), (   6,   9), (  21,  24), (   9,  12), (   1,   4), (  16,  19)]
[(   7,  11), (   8,  12), (  12,  16), (  14,  18), (  20,  24), (  24,  28), (  28,   1), (  10,  14), (  22,  26), (   9,  13), (  19,  23), (  17,  21), (  21,  25), (  25,  29), (  30,   3), (   2,   6), (   6,  10), (   4,   8), (  11,  15), (  18,  22), (  29,   2), (   5,   9), (  26,  30), (   3,   7), (  23,  27), (  13,  17), (  15,  19), (  16,  20), (   1,   5)]
[(  14,  19), (  25,  30), (  15,  20), (  28,   2), (  27,   1), (   4,   9), (  29,   3), (  22,  27), (   2,   7), (  19,  24), (  21,  26), (  30,   4), (   3,   8), (   8,  13), (  24,  29), (  18,  23), (  23,  28), (  17,  22), (   5,  10), (   7,  12), (   6,  11), (  20,  25), (  16,  21), (  10,  15), (  12,  17), (   1,   6), (  11,  16), (   9,  14), (  13,  18)]
[(   4,  10), (   5,  11), (   7,  13), (  17,  23), (  13,  19), (  15,  21), (  20,  26), (  12,  18), (  19,  25), (  27,   2), (  28,   3), (  14,  20), (   9,  15), (   3,   9), (   6,  12), (  22,  28), (  16,  22), (   1,   7), (   2,   8), (  29,   4), (  30,   5), (  10,  16), (   8,  14), (  26,   1), (  24,  30), (  23,  29), (  18,  24), (  11,  17), (  21,  27)]
[(  27,   3), (  13,  20), (  21,  28), (   1,   8), (  14,  21), (  22,  29), (  11,  18), (  28,   4), (  20,  27), (   8,  15), (   6,  13), (  18,  25), (  29,   5), (   5,  12), (  25,   1), (  19,  26), (  26,   2), (   9,  16), (  23,  30), (  16,  23), (  17,  24), (   7,  14), (   2,   9), (   4,  11), (  15,  22), (  12,  19), (   3,  10), (  30,   6), (  10,  17)]
[(  20,  28), (  16,  24), (  24,   1), (   7,  15), (   9,  17), (  17,  25), (  25,   2), (  15,  23), (  21,  29), (  18,  26), (  22,  30), (   3,  11), (  11,  19), (  19,  27), (  13,  21), (   4,  12), (  12,  20), (   2,  10), (   1,   9), (   5,  13), (  10,  18), (  29,   6), (  27,   4), (   6,  14), (   8,  16), (  28,   5), (  30,   7), (  26,   3), (  14,  22)]
[(  12,  21), (  14,  23), (  27,   5), (  10,  19), (  30,   8), (   1,  10), (  15,  24), (  11,  20), (   5,  14), (  28,   6), (   8,  17), (  23,   1), (  24,   2), (   2,  11), (  17,  26), (  20,  29), (  29,   7), (  21,  30), (   7,  16), (  25,   3), (  16,  25), (   4,  13), (   6,  15), (  18,  27), (  19,  28), (   9,  18), (  26,   4), (  13,  22), (   3,  12)]
[(  13,  23), (  19,  29), (  30,   9), (  11,  21), (  23,   2), (   8,  18), (  27,   6), (  24,   3), (   1,  11), (   7,  17), (  10,  20), (  29,   8), (   6,  16), (  16,  26), (   4,  14), (   5,  15), (  15,  25), (  26,   5), (  18,  28), (  14,  24), (   9,  19), (  17,  27), (  12,  22), (  20,  30), (   3,  13), (  25,   4), (  22,   1), (   2,  12), (  28,   7)]
[(   6,  17), (  27,   7), (  18,  29), (   9,  20), (   4,  15), (   5,  16), (  12,  23), (  26,   6), (  13,  24), (   3,  14), (  25,   5), (  16,  27), (   1,  12), (  21,   1), (  22,   2), (  30,  10), (  19,  30), (  14,  25), (  24,   4), (  17,  28), (  23,   3), (  28,   8), (   7,  18), (  29,   9), (  10,  21), (  11,  22), (   2,  13), (   8,  19), (  15,  26)]
[(  24,   5), (  10,  22), (  14,  26), (  25,   6), (  26,   7), (  30,  11), (   9,  21), (  17,  29), (  16,  28), (  23,   4), (   4,  16), (  28,   9), (  18,  30), (   6,  18), (   7,  19), (  13,  25), (   1,  13), (  11,  23), (  22,   3), (  27,   8), (  20,   1), (  12,  24), (  29,  10), (  21,   2), (   2,  14), (   3,  15), (   5,  17), (  15,  27), (   8,  20)]
[(   9,  22), (  15,  28), (  10,  23), (   3,  16), (  16,  29), (  20,   2), (  17,  30), (  25,   7), (  30,  12), (  12,  25), (   1,  14), (   2,  15), (   4,  17), (  22,   4), (  28,  10), (  27,   9), (  14,  27), (  24,   6), (  13,  26), (   6,  19), (  26,   8), (  21,   3), (  19,   1), (  23,   5), (  29,  11), (   7,  20), (   8,  21), (   5,  18), (  11,  24)]
[(  25,   8), (  26,   9), (  11,  25), (  12,  26), (  28,  11), (  13,  27), (  22,   5), (  30,  13), (   4,  18), (  16,  30), (  15,  29), (   5,  19), (  27,  10), (  10,  24), (   9,  23), (   7,  21), (  21,   4), (  20,   3), (  29,  12), (   1,  15), (  14,  28), (  19,   2), (   3,  17), (   8,  22), (  18,   1), (   2,  16), (   6,  20), (  24,   7), (  23,   6)]
[(  15,  30), (  17,   1), (   2,  17), (  29,  13), (   3,  18), (  19,   3), (   4,  19), (   1,  16), (   8,  23), (  21,   5), (  18,   2), (  22,   6), (   7,  22), (  23,   7), (  27,  11), (  24,   8), (   9,  24), (  13,  28), (   6,  21), (  26,  10), (  12,  27), (  11,  26), (   5,  20), (  28,  12), (  20,   4), (  30,  14), (  14,  29), (  10,  25), (  25,   9)]