[(   1,   2), (   2,   3), (   3,   4), (   4,   5), (   5,   6), (   6,   7), (   7,   8), (   8,   9), (   9,  10), (  10,  11), (  11,  12), (  12,  13), (  13,  14), (  14,  15), (  15,  16), (  16,  17), (  17,  18), (  18,  19), (  19,  20), (  20,  21), (  21,  22), (  22,  23), (  23,  24), (  24,  25), (  25,  26), (  26,  27), (  27,  28), (  28,  29), (  29,  30)]
[(  24,  26), (  20,  22), (   6,   8), (  14,  16), (  10,  12), (  21,  23), (   9,  11), (  25,  27), (  22,  24), (  16,  18), (  28,  30), (  15,  17), (  27,  29), (  23,  25), (   4,   6), (   1,   3), (   3,   5), (   7,   9), (  26,  28), (  12,  14), (   5,   7), (  17,  19), (  13,  15), (   2,   4), (  18,  20), (   8,  10), (  19,  21), (  30,   1), (  11,  13)]
[(  16,  19), (  18,  21), (  19,  22), (   6,   9), (  13,  16), (  29,   1), (  14,  17), (  23,  26), (  15,  18), (  25,  28), (   1,   4), (   7,  10), (   2,   5), (  26,  29), (  24,  27), (  11,  14), (   8,  11), (  27,  30), (   5,   8), (  22,  25), (   3,   6), (  10,  13), (  30,   2), (  12,  15), (   9,  12), (   4,   7), (  17,  20), (  21,  24), (  20,  23)]
[(  30,   3), (   1,   5), (  12,  16), (  18,  22), (  20,  24), (  16,  20), (  24,  28), (  29,   2), (  25,  29), (  19,  23), (  15,  19), (  26,  30), (  22,  26), (   7,  11), (   9,  13), (   2,   6), (   6,  10), (  21,  25), (  23,  27), (  11,  15), (  14,  18), (   4,   8), (   3,   7), (  17,  21), (  13,  17), (  28,   1), (   5,   9), (   8,  12), (  10,  14)]
[(  10,  15), (   4,   9), (  15,  20), (  27,   1), (  25,  30), (  22,  27), (   5,  10), (  30,   4), (  14,  19), (   7,  12), (  24,  29), (  19,  24), (   3,   8), (   8,  13), (  20,  25), (  18,  23), (  23,  28), (  28,   2), (   2,   7), (  29,   3), (  12,  17), (  16,  21), (   9,  14), (  13,  18), (   1,   6), (  17,  22), (  11,  16), (   6,  11), (  21,  26)]
[(  14,  20), (  19,  25), (   7,  13), (  28,   3), (  26,   1), (   8,  14), (  13,  19), (  11,  17), (   2,   8), (  15,  21), (  21,  27), (  29,   4), (   9,  15), (   3,   9), (   5,  11), (  22,  28), (  16,  22), (  10,  16), (   4,  10), (  27,   2), (  23,  29), (  24,  30), (  20,  26), (   1,   7), (  30,   5), (  12,  18), (  18,  24), (  17,  23), (   6,  12)]
[(  11,  18), (   6,  13), (  21,  28), (   8,  15), (   4,  11), (  12,  19), (  25,   1), (  13,  20), (   5,  12), (  30,   6), (   3,  10), (  27,   3), (  23,  30), (  20,  27), (  22,  29), (  19,  26), (  26,   2), (  29,   5), (  17,  24), (  10,  17), (   9,  16), (  18,  25), (  28,   4), (  16,  23), (  15,  22), (  14,  21), (   1,   8), (   7,  14), (   2,   9)]
[(  21,  29), (   7,  15), (  24,   1), (  17,  25), (   9,  17), (  25,   2), (  22,  30), (  16,  24), (  30,   7), (  27,   4), (  14,  22), (   6,  14), (  20,  28), (  10,  18), (   2,  10), (   4,  12), (  12,  20), (  15,  23), (  13,  21), (   1,   9), (  11,  19), (   3,  11), (   8,  16), (  29,   6), (  19,  27), (   5,  13), (  26,   3), (  18,  26), (  28,   5)]
[(   4,  13), (  17,  26), (  27,   5), (  21,  30), (  14,  23), (   9,  18), (  12,  21), (   1,  10), (  26,   4), (   5,  14), (   8,  17), (  11,  20), (   7,  16), (  19,  28), (  23,   1), (  20,  29), (  29,   7), (  13,  22), (   3,  12), (  30,   8), (  24,   2), (  28,   6), (  18,  27), (  10,  19), (   2,  11), (  15,  24), (   6,  15), (  25,   3), (  16,  25)]
[(   7,  17), (  14,  24), (  30,   9), (  10,  20), (  19,  29), (   3,  13), (  27,   6), (  12,  22), (  17,  27), (  29,   8), (  16,  26), (  18,  28), (  11,  21), (  22,   1), (   8,  18), (   5,  15), (  15,  25), (   4,  14), (   6,  16), (  13,  23), (  25,   4), (  26,   5), (   1,  11), (  20,  30), (  28,   7), (  23,   2), (   2,  12), (   9,  19), (  24,   3)]
[(  25,   5), (  16,  27), (  18,  29), (  12,  23), (  27,   7), (   4,  15), (  15,  26), (   7,  18), (  21,   1), (  13,  24), (   2,  13), (  22,   2), (   6,  17), (  24,   4), (  17,  28), (  30,  10), (  19,  30), (   1,  12), (  11,  22), (  26,   6), (  28,   8), (  29,   9), (  10,  21), (   3,  14), (  23,   3), (   9,  20), (  14,  25), (   5,  16), (   8,  19)]
[(  27,   8), (  30,  11), (  14,  26), (  26,   7), (  21,   2), (  24,   5), (  23,   4), (   3,  15), (  11,  23), (  22,   3), (   6,  18), (   9,  21), (  12,  24), (   5,  17), (   7,  19), (  13,  25), (   1,  13), (   8,  20), (  18,  30), (  16,  28), (  20,   1), (   2,  14), (  17,  29), (  28,   9), (   4,  16), (  25,   6), (  29,  10), (  10,  22), (  15,  27)]
[(   9,  22), (  28,  10), (  10,  23), (  11,  24), (  15,  28), (  17,  30), (  16,  29), (   6,  19), (   3,  16), (  20,   2), (  25,   7), (  23,   5), (  19,   1), (  30,  12), (  21,   3), (  27,   9), (  14,  27), (  24,   6), (   1,  14), (   5,  18), (  13,  26), (   7,  20), (  12,  25), (  26,   8), (   8,  21), (  29,  11), (  22,   4), (   2,  15), (   4,  17)]
[(  23,   6), (  29,  12), (  11,  25), (  19,   2), (   8,  22), (  28,  11), (  20,   3), (  14,  28), (   6,  20), (  26,   9), (   9,  23), (  25,   8), (   4,  18), (   2,  16), (  12,  26), (   7,  21), (  21,   4), (   3,  17), (  15,  29), (  24,   7), (  27,  10), (   1,  15), (   5,  19), (  22,   5), (  10,  24), (  16,  30), (  30,  13), (  13,  27), (  18,   1)]
[(  28,  12), (   8,  23), (   2,  17), (  29,  13), (   3,  18), (  26,  10), (  18,   2), (  21,   5), (  13,  28), (  17,   1), (   5,  20), (   1,  16), (  10,  25), (   6,  21), (  30,  14), (  24,   8), (   9,  24), (  11,  26), (  25,   9), (   4,  19), (  15,  30), (  12,  27), (  22,   6), (  27,  11), (  14,  29), (  19,   3), (  23,   7), (  20,   4), (   7,  22)]