[(   1,   2), (   2,   3), (   3,   4), (   4,   5), (   5,   6), (   6,   7), (   7,   8), (   8,   9), (   9,  10), (  10,  11), (  11,  12), (  12,  13), (  13,  14), (  14,  15), (  15,  16), (  16,  17), (  17,  18), (  18,  19), (  19,  20), (  20,  21), (  21,  22), (  22,  23), (  23,  24), (  24,  25), (  25,  26), (  26,  27), (  27,  28), (  28,  29), (  29,  30)]
[(   7,   9), (  18,  20), (   6,   8), (   8,  10), (  10,  12), (  24,  26), (  14,  16), (  12,  14), (  16,  18), (  21,  23), (  22,  24), (   4,   6), (  26,  28), (  28,  30), (  30,   1), (   1,   3), (   3,   5), (  25,  27), (  27,  29), (   9,  11), (  13,  15), (  17,  19), (  15,  17), (   5,   7), (  19,  21), (   2,   4), (  23,  25), (  11,  13), (  20,  22)]
[(  12,  15), (   4,   7), (  22,  25), (  26,  29), (  13,  16), (  19,  22), (  10,  13), (  27,  30), (   5,   8), (   3,   6), (  30,   2), (  21,  24), (  20,  23), (  17,  20), (  14,  17), (  11,  14), (   8,  11), (   7,  10), (  25,  28), (  16,  19), (  23,  26), (   1,   4), (  18,  21), (   9,  12), (  15,  18), (  29,   1), (   6,   9), (  24,  27), (   2,   5)]
[(  23,  27), (   1,   5), (  12,  16), (  16,  20), (  20,  24), (   8,  12), (  28,   1), (  17,  21), (  24,  28), (   4,   8), (  13,  17), (   5,   9), (  21,  25), (  25,  29), (  29,   2), (   2,   6), (   6,  10), (  22,  26), (   9,  13), (  18,  22), (   3,   7), (  10,  14), (  30,   3), (  19,  23), (   7,  11), (  14,  18), (  15,  19), (  26,  30), (  11,  15)]
[(   5,  10), (  14,  19), (  15,  20), (   7,  12), (  25,  30), (  27,   1), (  29,   3), (  10,  15), (  22,  27), (  19,  24), (  20,  25), (  17,  22), (   3,   8), (   8,  13), (  13,  18), (  18,  23), (  23,  28), (   9,  14), (   2,   7), (  24,  29), (   4,   9), (  16,  21), (  28,   2), (  30,   4), (   1,   6), (   6,  11), (  11,  16), (  12,  17), (  21,  26)]
[(  19,  25), (  10,  16), (  13,  19), (  21,  27), (  26,   1), (  11,  17), (  20,  26), (   7,  13), (  23,  29), (  27,   2), (  29,   4), (   8,  14), (   9,  15), (   3,   9), (  28,   3), (  22,  28), (  16,  22), (  17,  23), (   4,  10), (   1,   7), (   2,   8), (  18,  24), (   5,  11), (  14,  20), (  30,   5), (  24,  30), (  12,  18), (  15,  21), (   6,  12)]
[(  17,  24), (  21,  28), (  14,  21), (  15,  22), (   4,  11), (   2,   9), (  11,  18), (  25,   1), (   6,  13), (   7,  14), (  16,  23), (  23,  30), (  29,   5), (   5,  12), (  12,  19), (  19,  26), (  26,   2), (   1,   8), (   8,  15), (  28,   4), (  18,  25), (  30,   6), (  13,  20), (  22,  29), (  20,  27), (   9,  16), (  10,  17), (   3,  10), (  27,   3)]
[(  18,  26), (  17,  25), (  24,   1), (   1,   9), (   9,  17), (  10,  18), (  25,   2), (  16,  24), (   3,  11), (  28,   5), (  26,   3), (   2,  10), (  11,  19), (  19,  27), (  27,   4), (   4,  12), (  12,  20), (  21,  29), (  22,  30), (   5,  13), (  20,  28), (   7,  15), (  29,   6), (  13,  21), (  14,  22), (  15,  23), (  30,   7), (   6,  14), (   8,  16)]
[(  28,   6), (  30,   8), (  27,   5), (  25,   3), (  14,  23), (  21,  30), (  15,  24), (  19,  28), (  12,  21), (  16,  25), (   5,  14), (  18,  27), (  24,   2), (   2,  11), (  11,  20), (  20,  29), (  29,   7), (   4,  13), (  17,  26), (   6,  15), (  10,  19), (   3,  12), (   7,  16), (   1,  10), (   8,  17), (  13,  22), (  26,   4), (  23,   1), (   9,  18)]
[(   4,  14), (  13,  23), (  30,   9), (  14,  24), (  19,  29), (   3,  13), (  27,   6), (  23,   2), (  20,  30), (  12,  22), (   9,  19), (  28,   7), (   6,  16), (  16,  26), (  26,   5), (   5,  15), (  15,  25), (  24,   3), (  11,  21), (  17,  27), (   1,  11), (  29,   8), (  25,   4), (  18,  28), (   2,  12), (  10,  20), (  22,   1), (   8,  18), (   7,  17)]
[(  11,  22), (  29,   9), (  18,  29), (  17,  28), (  27,   7), (  14,  25), (  12,  23), (  26,   6), (   4,  15), (   9,  20), (   7,  18), (  15,  26), (   1,  12), (  21,   1), (  10,  21), (  30,  10), (  19,  30), (   5,  16), (   3,  14), (  23,   3), (  16,  27), (  25,   5), (   8,  19), (   6,  17), (  24,   4), (  28,   8), (   2,  13), (  22,   2), (  13,  24)]
[(   8,  20), (  15,  27), (  26,   7), (  11,  23), (  21,   2), (  16,  28), (   9,  21), (  22,   3), (  14,  26), (  17,  29), (  27,   8), (  20,   1), (  18,  30), (   6,  18), (  25,   6), (  13,  25), (   1,  13), (  30,  11), (  12,  24), (   2,  14), (   5,  17), (  28,   9), (  10,  22), (   3,  15), (  29,  10), (   7,  19), (  24,   5), (   4,  16), (  23,   4)]
[(  21,   3), (  11,  24), (  10,  23), (   6,  19), (  15,  28), (  23,   5), (  17,  30), (  29,  11), (  25,   7), (  13,  26), (  28,  10), (  16,  29), (   4,  17), (  22,   4), (   9,  22), (  27,   9), (  14,  27), (   2,  15), (   5,  18), (  30,  12), (  24,   6), (  20,   2), (   1,  14), (  26,   8), (   3,  16), (  12,  25), (   8,  21), (   7,  20), (  19,   1)]
[(  16,  30), (  12,  26), (  28,  11), (  30,  13), (   8,  22), (  15,  29), (  22,   5), (   4,  18), (  19,   2), (  18,   1), (   1,  15), (  11,  25), (  27,  10), (  10,  24), (  24,   7), (   7,  21), (  21,   4), (   6,  20), (  23,   6), (  25,   8), (  29,  12), (  13,  27), (  26,   9), (   2,  16), (   9,  23), (   3,  17), (  20,   3), (   5,  19), (  14,  28)]
[(  29,  13), (  22,   6), (   2,  17), (  18,   2), (   3,  18), (  20,   4), (   4,  19), (   5,  20), (  17,   1), (  15,  30), (   6,  21), (  19,   3), (   7,  22), (  23,   7), (   8,  23), (  24,   8), (   9,  24), (  28,  12), (   1,  16), (  26,  10), (  30,  14), (  11,  26), (  12,  27), (  27,  11), (  13,  28), (  21,   5), (  14,  29), (  25,   9), (  10,  25)]