[(   1,   2), (   2,   3), (   3,   4), (   4,   5), (   5,   6), (   6,   7), (   7,   8), (   8,   9), (   9,  10), (  10,  11), (  11,  12), (  12,  13), (  13,  14), (  14,  15), (  15,  16), (  16,  17), (  17,  18), (  18,  19), (  19,  20), (  20,  21), (  21,  22), (  22,  23), (  23,  24), (  24,  25), (  25,  26), (  26,  27), (  27,  28), (  28,  29), (  29,  30)]
[(  23,  25), (   4,   6), (   6,   8), (  28,  30), (  10,  12), (  12,  14), (  14,  16), (  16,  18), (  17,  19), (  20,  22), (  22,  24), (   8,  10), (  27,  29), (  26,  28), (  19,  21), (   1,   3), (  13,  15), (   5,   7), (   7,   9), (   2,   4), (   3,   5), (  30,   1), (  15,  17), (   9,  11), (  11,  13), (  21,  23), (  18,  20), (  25,  27), (  24,  26)]
[(  24,  27), (  26,  29), (  19,  22), (  11,  14), (  13,  16), (  20,  23), (  10,  13), (  23,  26), (  21,  24), (  16,  19), (   7,  10), (   2,   5), (   3,   6), (   5,   8), (  25,  28), (  22,  25), (   9,  12), (  30,   2), (  29,   1), (  27,  30), (   8,  11), (  15,  18), (   4,   7), (  18,  21), (   1,   4), (  14,  17), (   6,   9), (  17,  20), (  12,  15)]
[(   5,   9), (   8,  12), (  12,  16), (  21,  25), (  20,  24), (  24,  28), (  28,   1), (   1,   5), (  18,  22), (   9,  13), (  13,  17), (  25,  29), (  17,  21), (  23,  27), (  22,  26), (   2,   6), (  29,   2), (  10,  14), (  14,  18), (  15,  19), (  26,  30), (   7,  11), (  30,   3), (   4,   8), (   6,  10), (  11,  15), (   3,   7), (  19,  23), (  16,  20)]
[(  11,  16), (   9,  14), (  18,  23), (   2,   7), (  23,  28), (  16,  21), (  29,   3), (   7,  12), (  28,   2), (  24,  29), (  27,   1), (  21,  26), (   5,  10), (  25,  30), (  30,   4), (  10,  15), (  20,  25), (   6,  11), (  17,  22), (   3,   8), (  15,  20), (  12,  17), (  13,  18), (  22,  27), (  19,  24), (   4,   9), (  14,  19), (   8,  13), (   1,   6)]
[(  12,  18), (  21,  27), (   7,  13), (  10,  16), (  26,   1), (   9,  15), (  20,  26), (  15,  21), (   5,  11), (   1,   7), (  14,  20), (  22,  28), (  24,  30), (   6,  12), (   2,   8), (  13,  19), (  30,   5), (  29,   4), (  27,   2), (  17,  23), (  18,  24), (  19,  25), (   8,  14), (  23,  29), (  16,  22), (  28,   3), (  11,  17), (   3,   9), (   4,  10)]
[(  13,  20), (  15,  22), (  21,  28), (  27,   3), (   4,  11), (  29,   5), (  11,  18), (  22,  29), (  30,   6), (  28,   4), (  18,  25), (  17,  24), (  19,  26), (   9,  16), (   3,  10), (  14,  21), (   1,   8), (  16,  23), (   8,  15), (   6,  13), (   7,  14), (  26,   2), (  25,   1), (  10,  17), (  20,  27), (  12,  19), (  23,  30), (   5,  12), (   2,   9)]
[(   6,  14), (  16,  24), (  24,   1), (  15,  23), (   9,  17), (  17,  25), (  25,   2), (   2,  10), (   8,  16), (  18,  26), (  26,   3), (  11,  19), (   1,   9), (   3,  11), (  12,  20), (   4,  12), (  14,  22), (  20,  28), (  28,   5), (  10,  18), (  27,   4), (  13,  21), (  29,   6), (  30,   7), (  21,  29), (  22,  30), (   5,  13), (   7,  15), (  19,  27)]
[(  21,  30), (  10,  19), (  20,  29), (   8,  17), (  29,   7), (   4,  13), (  15,  24), (  25,   3), (  26,   4), (   6,  15), (  30,   8), (   9,  18), (  16,  25), (  13,  22), (   5,  14), (  18,  27), (  28,   6), (  17,  26), (  12,  21), (   7,  16), (  23,   1), (  27,   5), (  11,  20), (  19,  28), (   3,  12), (   1,  10), (  24,   2), (   2,  11), (  14,  23)]
[(  28,   7), (  18,  28), (   5,  15), (  19,  29), (  15,  25), (   1,  11), (  27,   6), (  14,  24), (  13,  23), (  17,  27), (  23,   2), (   4,  14), (   2,  12), (  10,  20), (   7,  17), (  20,  30), (  24,   3), (  12,  22), (   3,  13), (  22,   1), (   9,  19), (  29,   8), (  26,   5), (   6,  16), (  30,   9), (   8,  18), (  25,   4), (  16,  26), (  11,  21)]
[(   8,  19), (  25,   5), (  30,  10), (   9,  20), (  19,  30), (  22,   2), (  12,  23), (  17,  28), (   1,  12), (  23,   3), (   4,  15), (  27,   7), (  11,  22), (  24,   4), (  18,  29), (  29,   9), (  16,  27), (  13,  24), (  26,   6), (  14,  25), (   6,  17), (   3,  14), (  10,  21), (   2,  13), (   7,  18), (   5,  16), (  15,  26), (  21,   1), (  28,   8)]
[(  22,   3), (  11,  23), (  14,  26), (  12,  24), (  21,   2), (  18,  30), (   9,  21), (  30,  11), (  15,  27), (   2,  14), (  28,   9), (  20,   1), (   8,  20), (  17,  29), (   1,  13), (  26,   7), (   7,  19), (  27,   8), (  23,   4), (  24,   5), (  29,  10), (   4,  16), (  16,  28), (   3,  15), (   5,  17), (  25,   6), (  10,  22), (   6,  18), (  13,  25)]
[(   4,  17), (   7,  20), (  27,   9), (  13,  26), (  14,  27), (  26,   8), (  17,  30), (   6,  19), (  25,   7), (  30,  12), (  16,  29), (   3,  16), (  15,  28), (  19,   1), (  24,   6), (  23,   5), (  10,  23), (  21,   3), (  11,  24), (  29,  11), (  12,  25), (  28,  10), (   9,  22), (   1,  14), (   2,  15), (  20,   2), (   8,  21), (  22,   4), (   5,  18)]
[(  15,  29), (  30,  13), (  11,  25), (  18,   1), (   8,  22), (  27,  10), (  22,   5), (  13,  27), (  20,   3), (  25,   8), (   5,  19), (  23,   6), (   4,  18), (   7,  21), (   9,  23), (  28,  11), (  21,   4), (   1,  15), (  16,  30), (  26,   9), (   2,  16), (   6,  20), (  19,   2), (  12,  26), (  14,  28), (  24,   7), (  29,  12), (  10,  24), (   3,  17)]
[(  26,  10), (  17,   1), (   2,  17), (  22,   6), (   3,  18), (  19,   3), (   4,  19), (  20,   4), (  14,  29), (  21,   5), (   6,  21), (  15,  30), (  23,   7), (  18,   2), (  27,  11), (  24,   8), (  11,  26), (  25,   9), (  10,  25), (  28,  12), (  13,  28), (   9,  24), (  12,  27), (   5,  20), (   8,  23), (  29,  13), (   1,  16), (  30,  14), (   7,  22)]