[(   1,   2), (   2,   3), (   3,   4), (   4,   5), (   5,   6), (   6,   7), (   7,   8), (   8,   9), (   9,  10), (  10,  11), (  11,  12), (  12,  13), (  13,  14), (  14,  15), (  15,  16), (  16,  17), (  17,  18), (  18,  19), (  19,  20), (  20,  21), (  21,  22), (  22,  23), (  23,  24), (  24,  25), (  25,  26), (  26,  27), (  27,  28), (  28,  29), (  29,  30)]
[(  11,  13), (   4,   6), (   6,   8), (  19,  21), (  10,  12), (  12,  14), (  24,  26), (  16,  18), (   1,   3), (  20,  22), (   2,   4), (  25,  27), (  26,  28), (  28,  30), (  30,   1), (  27,  29), (   3,   5), (   5,   7), (  21,  23), (   9,  11), (   8,  10), (  13,  15), (  15,  17), (  18,  20), (  22,  24), (  14,  16), (  17,  19), (   7,   9), (  23,  25)]
[(  26,  29), (  10,  13), (  19,  22), (  27,  30), (   4,   7), (   8,  11), (  12,  15), (  21,  24), (  18,  21), (  29,   1), (  15,  18), (   7,  10), (  20,  23), (   5,   8), (  14,  17), (   1,   4), (  22,  25), (  24,  27), (   6,   9), (  30,   2), (  25,  28), (  17,  20), (  13,  16), (   9,  12), (  16,  19), (   2,   5), (   3,   6), (  23,  26), (  11,  14)]
[(  16,  20), (   8,  12), (  12,  16), (  13,  17), (  20,  24), (  24,  28), (  19,  23), (   1,   5), (  23,  27), (   9,  13), (  22,  26), (  14,  18), (  21,  25), (  25,  29), (  29,   2), (  15,  19), (   6,  10), (  10,  14), (  28,   1), (  18,  22), (   7,  11), (  26,  30), (  30,   3), (   2,   6), (   4,   8), (  17,  21), (   5,   9), (  11,  15), (   3,   7)]
[(   5,  10), (  23,  28), (  15,  20), (  20,  25), (  22,  27), (  10,  15), (   4,   9), (  25,  30), (  14,  19), (  19,  24), (  24,  29), (  29,   3), (   3,   8), (  17,  22), (  13,  18), (  18,  23), (  30,   4), (   8,  13), (   2,   7), (   7,  12), (  12,  17), (  28,   2), (   9,  14), (  27,   1), (   1,   6), (   6,  11), (  11,  16), (  16,  21), (  21,  26)]
[(  19,  25), (  20,  26), (   7,  13), (   1,   7), (   8,  14), (  16,  22), (  14,  20), (  11,  17), (   2,   8), (  27,   2), (  21,  27), (  15,  21), (   9,  15), (  10,  16), (  28,   3), (  22,  28), (  13,  19), (  17,  23), (   4,  10), (  29,   4), (  23,  29), (   3,   9), (  26,   1), (   5,  11), (  30,   5), (  24,  30), (  18,  24), (  12,  18), (   6,  12)]
[(  28,   4), (  11,  18), (  21,  28), (  15,  22), (  25,   1), (  26,   2), (  10,  17), (   6,  13), (  17,  24), (   8,  15), (  23,  30), (   9,  16), (  29,   5), (   2,   9), (  12,  19), (   3,  10), (  14,  21), (  30,   6), (  18,  25), (  16,  23), (  20,  27), (   5,  12), (   4,  11), (  19,  26), (   7,  14), (  22,  29), (   1,   8), (  27,   3), (  13,  20)]
[(  14,  22), (  16,  24), (  24,   1), (   8,  16), (   9,  17), (  17,  25), (  28,   5), (   2,  10), (  30,   7), (  18,  26), (   1,   9), (  22,  30), (  11,  19), (  19,  27), (  27,   4), (   6,  14), (  12,  20), (  20,  28), (   3,  11), (   5,  13), (  26,   3), (  21,  29), (  29,   6), (  15,  23), (  13,  21), (   7,  15), (   4,  12), (  25,   2), (  10,  18)]
[(   8,  17), (  29,   7), (  27,   5), (   9,  18), (  21,  30), (  18,  27), (  16,  25), (  14,  23), (  26,   4), (  28,   6), (   5,  14), (  17,  26), (  24,   2), (  12,  21), (  11,  20), (  30,   8), (  23,   1), (   2,  11), (  15,  24), (  25,   3), (   6,  15), (   7,  16), (  10,  19), (  13,  22), (   3,  12), (   4,  13), (  20,  29), (   1,  10), (  19,  28)]
[(  24,   3), (  15,  25), (  30,   9), (   2,  12), (  13,  23), (  20,  30), (  27,   6), (  19,  29), (   5,  15), (   7,  17), (  10,  20), (   1,  11), (   6,  16), (   3,  13), (  26,   5), (  11,  21), (  29,   8), (  16,  26), (  12,  22), (  14,  24), (   9,  19), (  25,   4), (  18,  28), (  28,   7), (  17,  27), (   8,  18), (  23,   2), (   4,  14), (  22,   1)]
[(   7,  18), (  19,  30), (  18,  29), (  23,   3), (  15,  26), (  29,   9), (  22,   2), (  27,   7), (  11,  22), (   3,  14), (   6,  17), (  28,   8), (   1,  12), (  26,   6), (  10,  21), (   2,  13), (  16,  27), (  21,   1), (   5,  16), (  17,  28), (  24,   4), (   8,  19), (  25,   5), (  30,  10), (   9,  20), (  12,  23), (  14,  25), (  13,  24), (   4,  15)]
[(  15,  27), (   9,  21), (  14,  26), (  29,  10), (  16,  28), (   1,  13), (  30,  11), (  22,   3), (  13,  25), (  23,   4), (   7,  19), (  24,   5), (  18,  30), (  20,   1), (  25,   6), (  12,  24), (  26,   7), (   3,  15), (  17,  29), (  27,   8), (   2,  14), (   6,  18), (  21,   2), (   4,  16), (  11,  23), (  28,   9), (  10,  22), (   8,  20), (   5,  17)]
[(  30,  12), (  14,  27), (  10,  23), (  24,   6), (  29,  11), (  23,   5), (  21,   3), (  15,  28), (  16,  29), (  12,  25), (   3,  16), (  20,   2), (   4,  17), (  11,  24), (   9,  22), (  25,   7), (   2,  15), (  22,   4), (  26,   8), (   6,  19), (   5,  18), (   1,  14), (   7,  20), (   8,  21), (  28,  10), (  19,   1), (  13,  26), (  17,  30), (  27,   9)]
[(   9,  23), (  22,   5), (  11,  25), (  14,  28), (  19,   2), (  21,   4), (  18,   1), (  12,  26), (   6,  20), (  16,  30), (  25,   8), (  23,   6), (  27,  10), (   4,  18), (  24,   7), (  26,   9), (  28,  11), (  29,  12), (  13,  27), (   1,  15), (  30,  13), (  10,  24), (   8,  22), (   3,  17), (  15,  29), (  20,   3), (   7,  21), (   5,  19), (   2,  16)]
[(   6,  21), (  17,   1), (   2,  17), (  11,  26), (   3,  18), (  19,   3), (  29,  13), (  20,   4), (  28,  12), (  21,   5), (  13,  28), (   4,  19), (   7,  22), (  23,   7), (   8,  23), (   5,  20), (   9,  24), (  25,   9), (  30,  14), (  26,  10), (   1,  16), (  27,  11), (  12,  27), (  14,  29), (  18,   2), (  10,  25), (  15,  30), (  22,   6), (  24,   8)]