[(   1,   2), (   2,   3), (   3,   4), (   4,   5), (   5,   6), (   6,   7), (   7,   8), (   8,   9), (   9,  10), (  10,  11), (  11,  12), (  12,  13), (  13,  14), (  14,  15), (  15,  16), (  16,  17), (  17,  18), (  18,  19), (  19,  20), (  20,  21), (  21,  22), (  22,  23), (  23,  24), (  24,  25), (  25,  26), (  26,  27), (  27,  28), (  28,  29), (  29,  30)]
[(  14,  16), (   4,   6), (   6,   8), (   8,  10), (  18,  20), (  12,  14), (  21,  23), (  16,  18), (  17,  19), (  20,  22), (  22,  24), (  24,  26), (  26,  28), (  27,  29), (  30,   1), (   2,   4), (   3,   5), (   5,   7), (   7,   9), (   9,  11), (   1,   3), (  13,  15), (  15,  17), (  28,  30), (  19,  21), (  11,  13), (  23,  25), (  25,  27), (  10,  12)]
[(   3,   6), (  26,  29), (  22,  25), (  11,  14), (  25,  28), (  13,  16), (  27,  30), (  19,  22), (  30,   2), (  12,  15), (   4,   7), (  29,   1), (  20,  23), (   1,   4), (  10,  13), (   5,   8), (   8,  11), (  24,  27), (  23,  26), (  14,  17), (  17,  20), (   2,   5), (  18,  21), (  16,  19), (   9,  12), (   7,  10), (  21,  24), (   6,   9), (  15,  18)]
[(  11,  15), (   8,  12), (  12,  16), (  16,  20), (   3,   7), (  24,  28), (  22,  26), (   1,   5), (  25,  29), (   9,  13), (  13,  17), (  17,  21), (  21,  25), (  20,  24), (  29,   2), (  28,   1), (   6,  10), (  10,  14), (  14,  18), (  18,  22), (   4,   8), (  26,  30), (  30,   3), (  23,  27), (   7,  11), (   2,   6), (  15,  19), (  19,  23), (   5,   9)]
[(  22,  27), (   9,  14), (  18,  23), (  29,   3), (  12,  17), (  10,  15), (   5,  10), (  24,  29), (   8,  13), (  28,   2), (  15,  20), (  20,  25), (   1,   6), (  21,  26), (   7,  12), (  14,  19), (  25,  30), (  11,  16), (   3,   8), (  27,   1), (   6,  11), (  19,  24), (   2,   7), (  13,  18), (  30,   4), (  23,  28), (   4,   9), (  16,  21), (  17,  22)]
[(  23,  29), (  21,  27), (  13,  19), (  22,  28), (  29,   4), (  26,   1), (  14,  20), (   7,  13), (   1,   7), (  24,  30), (   8,  14), (  27,   2), (   9,  15), (  30,   5), (  20,  26), (   6,  12), (  16,  22), (  17,  23), (  15,  21), (  28,   3), (  10,  16), (   4,  10), (   5,  11), (   2,   8), (  18,  24), (   3,   9), (  11,  17), (  12,  18), (  19,  25)]
[(   5,  12), (  15,  22), (  14,  21), (  19,  26), (   1,   8), (   4,  11), (   2,   9), (  21,  28), (  20,  27), (  27,   3), (  25,   1), (   8,  15), (  29,   5), (  16,  23), (  11,  18), (  18,  25), (  26,   2), (  30,   6), (  22,  29), (  12,  19), (  23,  30), (   9,  16), (  13,  20), (   7,  14), (   3,  10), (  17,  24), (   6,  13), (  10,  17), (  28,   4)]
[(  13,  21), (  16,  24), (  24,   1), (   1,   9), (  19,  27), (  17,  25), (   4,  12), (   2,  10), (  15,  23), (  18,  26), (  26,   3), (   3,  11), (  11,  19), (  10,  18), (  27,   4), (  22,  30), (  12,  20), (  20,  28), (  28,   5), (   5,  13), (  25,   2), (  21,  29), (  29,   6), (   9,  17), (  14,  22), (   8,  16), (  30,   7), (   7,  15), (   6,  14)]
[(  17,  26), (  10,  19), (  20,  29), (  15,  24), (  13,  22), (  18,  27), (  19,  28), (   6,  15), (  12,  21), (   7,  16), (  27,   5), (   5,  14), (   8,  17), (   2,  11), (  25,   3), (  29,   7), (  14,  23), (  26,   4), (  24,   2), (  30,   8), (   9,  18), (  28,   6), (  16,  25), (   3,  12), (  23,   1), (  21,  30), (   1,  10), (   4,  13), (  11,  20)]
[(  10,  20), (  18,  28), (   5,  15), (  27,   6), (  16,  26), (  20,  30), (  15,  25), (  17,  27), (  26,   5), (  25,   4), (  30,   9), (   9,  19), (   2,  12), (   3,  13), (  14,  24), (  13,  23), (  19,  29), (  22,   1), (   6,  16), (  23,   2), (  28,   7), (   7,  17), (   4,  14), (  11,  21), (  29,   8), (  12,  22), (   8,  18), (   1,  11), (  24,   3)]
[(  19,  30), (  25,   5), (  30,  10), (  12,  23), (  10,  21), (  29,   9), (  13,  24), (  23,   3), (  11,  22), (   8,  19), (  18,  29), (   7,  18), (  24,   4), (   6,  17), (  17,  28), (   9,  20), (  27,   7), (   2,  13), (   1,  12), (   4,  15), (  15,  26), (   3,  14), (  28,   8), (  26,   6), (  16,  27), (  14,  25), (   5,  16), (  22,   2), (  21,   1)]
[(  28,   9), (  11,  23), (  26,   7), (  13,  25), (   2,  14), (  21,   2), (   6,  18), (  14,  26), (   4,  16), (  17,  29), (  16,  28), (  23,   4), (  18,  30), (   7,  19), (   9,  21), (  15,  27), (   1,  13), (   3,  15), (  30,  11), (  25,   6), (  12,  24), (   8,  20), (  10,  22), (  29,  10), (   5,  17), (  20,   1), (  22,   3), (  24,   5), (  27,   8)]
[(  25,   7), (   7,  20), (  27,   9), (  17,  30), (  11,  24), (  23,   5), (  29,  11), (  30,  12), (  24,   6), (   1,  14), (  10,  23), (  28,  10), (   3,  16), (   9,  22), (   6,  19), (  21,   3), (  15,  28), (   8,  21), (   4,  17), (  16,  29), (  14,  27), (  12,  25), (  19,   1), (  22,   4), (   2,  15), (   5,  18), (  20,   2), (  26,   8), (  13,  26)]
[(   4,  18), (  30,  13), (  28,  11), (   7,  21), (   9,  23), (   8,  22), (   3,  17), (  11,  25), (  14,  28), (  23,   6), (  19,   2), (  16,  30), (  27,  10), (  25,   8), (  22,   5), (  10,  24), (  21,   4), (  29,  12), (  13,  27), (  24,   7), (   5,  19), (  18,   1), (  26,   9), (   1,  15), (   6,  20), (  15,  29), (  12,  26), (  20,   3), (   2,  16)]
[(  24,   8), (  17,   1), (   2,  17), (  18,   2), (  15,  30), (  19,   3), (   1,  16), (  20,   4), (   3,  18), (  21,   5), (   6,  21), (  22,   6), (   7,  22), (  28,  12), (   8,  23), (  11,  26), (   9,  24), (  25,   9), (  10,  25), (  26,  10), (  29,  13), (  27,  11), (  12,  27), (   5,  20), (  13,  28), (   4,  19), (  14,  29), (  30,  14), (  23,   7)]