[(   1,   2), (   2,   3), (   3,   4), (   4,   5), (   5,   6), (   6,   7), (   7,   8), (   8,   9), (   9,  10), (  10,  11), (  11,  12), (  12,  13), (  13,  14), (  14,  15), (  15,  16), (  16,  17), (  17,  18), (  18,  19), (  19,  20), (  20,  21), (  21,  22), (  22,  23), (  23,  24), (  24,  25), (  25,  26), (  26,  27), (  27,  28), (  28,  29), (  29,  30)]
[(  16,  18), (  24,  26), (   6,   8), (  27,  29), (  13,  15), (  12,  14), (  11,  13), (   3,   5), (  20,  22), (  15,  17), (   1,   3), (   8,  10), (   4,   6), (  28,  30), (  30,   1), (  10,  12), (  19,  21), (   2,   4), (   7,   9), (  14,  16), (   9,  11), (  25,  27), (  18,  20), (  17,  19), (   5,   7), (  21,  23), (  23,  25), (  22,  24), (  26,  28)]
[(  20,  23), (   6,   9), (   9,  12), (  11,  14), (   4,   7), (  10,  13), (  21,  24), (  22,  25), (  27,  30), (  29,   1), (   5,   8), (  26,  29), (  24,  27), (   2,   5), (  14,  17), (  25,  28), (  23,  26), (   3,   6), (  12,  15), (  30,   2), (   1,   4), (   8,  11), (   7,  10), (  18,  21), (  16,  19), (  17,  20), (  19,  22), (  15,  18), (  13,  16)]
[(   6,  10), (  16,  20), (  22,  26), (  21,  25), (  19,  23), (  24,  28), (  28,   1), (   7,  11), (  12,  16), (  18,  22), (  20,  24), (  23,  27), (  17,  21), (  25,  29), (  29,   2), (  26,  30), (  10,  14), (   1,   5), (  14,  18), (   9,  13), (  15,  19), (  13,  17), (  30,   3), (   3,   7), (   4,   8), (  11,  15), (   5,   9), (   2,   6), (   8,  12)]
[(  24,  29), (   5,  10), (  19,  24), (  23,  28), (  20,  25), (  30,   4), (  15,  20), (  18,  23), (  14,  19), (   4,   9), (  10,  15), (   9,  14), (  28,   2), (   6,  11), (  13,  18), (  29,   3), (  25,  30), (  16,  21), (   8,  13), (  22,  27), (  12,  17), (  21,  26), (  11,  16), (  27,   1), (  17,  22), (   2,   7), (   7,  12), (   3,   8), (   1,   6)]
[(  13,  19), (  21,  27), (  14,  20), (  26,   1), (  16,  22), (  20,  26), (  27,   2), (  15,  21), (   2,   8), (   7,  13), (  19,  25), (  22,  28), (  12,  18), (   4,  10), (  28,   3), (   8,  14), (   1,   7), (   9,  15), (  24,  30), (  18,  24), (  23,  29), (  30,   5), (  29,   4), (   5,  11), (   6,  12), (   3,   9), (  11,  17), (  10,  16), (  17,  23)]
[(  28,   4), (   4,  11), (  18,  25), (  10,  17), (   2,   9), (  11,  18), (  16,  23), (  17,  24), (  21,  28), (  23,  30), (  26,   2), (  30,   6), (  19,  26), (   9,  16), (  12,  19), (  20,  27), (  29,   5), (  22,  29), (  27,   3), (   1,   8), (   3,  10), (   7,  14), (   8,  15), (  13,  20), (  14,  21), (   5,  12), (   6,  13), (  25,   1), (  15,  22)]
[(  14,  22), (  15,  23), (  30,   7), (  16,  24), (  26,   3), (  17,  25), (  10,  18), (  20,  28), (   5,  13), (  25,   2), (  21,  29), (  11,  19), (   1,   9), (  19,  27), (  27,   4), (   7,  15), (   8,  16), (  12,  20), (  28,   5), (  29,   6), (  18,  26), (   4,  12), (  13,  21), (   6,  14), (   2,  10), (  22,  30), (  24,   1), (   9,  17), (   3,  11)]
[(  12,  21), (   8,  17), (   1,  10), (   9,  18), (  18,  27), (  23,   1), (  26,   4), (   4,  13), (  25,   3), (  19,  28), (  13,  22), (   7,  16), (  29,   7), (  17,  26), (  11,  20), (  24,   2), (   6,  15), (  14,  23), (   2,  11), (   3,  12), (  28,   6), (  15,  24), (  27,   5), (  30,   8), (  20,  29), (  16,  25), (  21,  30), (   5,  14), (  10,  19)]
[(   5,  15), (  18,  28), (  13,  23), (   2,  12), (  11,  21), (  29,   8), (  30,   9), (  19,  29), (   7,  17), (  24,   3), (  27,   6), (  15,  25), (  10,  20), (  12,  22), (  26,   5), (   9,  19), (   3,  13), (  17,  27), (  16,  26), (  28,   7), (  14,  24), (   6,  16), (  22,   1), (  23,   2), (   1,  11), (   4,  14), (   8,  18), (  20,  30), (  25,   4)]
[(  27,   7), (  19,  30), (  17,  28), (   8,  19), (   1,  12), (  16,  27), (   6,  17), (  26,   6), (  18,  29), (   5,  16), (   7,  18), (  24,   4), (  25,   5), (  13,  24), (  10,  21), (  11,  22), (  22,   2), (  30,  10), (  21,   1), (  15,  26), (   2,  13), (  29,   9), (  14,  25), (   4,  15), (  23,   3), (  28,   8), (   3,  14), (  12,  23), (   9,  20)]
[(  30,  11), (  13,  25), (  15,  27), (   3,  15), (  29,  10), (   9,  21), (  22,   3), (   2,  14), (  23,   4), (  14,  26), (  16,  28), (  21,   2), (  11,  23), (   8,  20), (  25,   6), (   1,  13), (  12,  24), (  26,   7), (  17,  29), (   5,  17), (  27,   8), (  20,   1), (  28,   9), (  10,  22), (  18,  30), (   6,  18), (   4,  16), (   7,  19), (  24,   5)]
[(  26,   8), (   1,  14), (  29,  11), (   7,  20), (  17,  30), (   2,  15), (  12,  25), (  30,  12), (  24,   6), (   8,  21), (   4,  17), (   5,  18), (   3,  16), (  21,   3), (   9,  22), (  23,   5), (  27,   9), (  11,  24), (  22,   4), (  10,  23), (  25,   7), (  28,  10), (   6,  19), (  16,  29), (  15,  28), (  19,   1), (  20,   2), (  13,  26), (  14,  27)]
[(   3,  17), (  29,  12), (   2,  16), (  30,  13), (  14,  28), (  22,   5), (   5,  19), (  27,  10), (   1,  15), (   6,  20), (   9,  23), (  20,   3), (   8,  22), (  18,   1), (  24,   7), (   4,  18), (  28,  11), (  25,   8), (  23,   6), (  11,  25), (  16,  30), (  19,   2), (  12,  26), (  26,   9), (  13,  27), (  10,  24), (  15,  29), (  21,   4), (   7,  21)]
[(  25,   9), (   7,  22), (  21,   5), (  22,   6), (  24,   8), (  19,   3), (  14,  29), (   1,  16), (  11,  26), (  12,  27), (  30,  14), (  17,   1), (  15,  30), (  23,   7), (   8,  23), (   6,  21), (  20,   4), (  13,  28), (  10,  25), (   4,  19), (   5,  20), (   3,  18), (   2,  17), (  28,  12), (   9,  24), (  29,  13), (  26,  10), (  27,  11), (  18,   2)]