[(   1,   2), (   2,   3), (   3,   4), (   4,   5), (   5,   6), (   6,   7), (   7,   8), (   8,   9), (   9,  10), (  10,  11), (  11,  12), (  12,  13), (  13,  14), (  14,  15), (  15,  16), (  16,  17), (  17,  18), (  18,  19), (  19,  20), (  20,  21), (  21,  22), (  22,  23), (  23,  24), (  24,  25), (  25,  26), (  26,  27), (  27,  28), (  28,  29), (  29,  30)]
[(  22,  24), (   4,   6), (  16,  18), (  11,  13), (  10,  12), (  12,  14), (  14,  16), (   5,   7), (   6,   8), (  20,  22), (   3,   5), (  15,  17), (  26,  28), (  28,  30), (  30,   1), (   1,   3), (  24,  26), (  27,  29), (   8,  10), (   9,  11), (  17,  19), (   7,   9), (   2,   4), (  13,  15), (  19,  21), (  21,  23), (  23,  25), (  25,  27), (  18,  20)]
[(  18,  21), (  22,  25), (  25,  28), (  19,  22), (  13,  16), (  20,  23), (  15,  18), (  26,  29), (  21,  24), (  29,   1), (  24,  27), (  16,  19), (   6,   9), (  17,  20), (  14,  17), (  11,  14), (   2,   5), (   8,  11), (   1,   4), (  30,   2), (   4,   7), (   3,   6), (  27,  30), (   5,   8), (  12,  15), (   7,  10), (   9,  12), (  10,  13), (  23,  26)]
[(   6,  10), (   8,  12), (  10,  14), (   3,   7), (  20,  24), (  24,  28), (  28,   1), (  23,  27), (   1,   5), (   9,  13), (  17,  21), (   4,   8), (  21,  25), (  25,  29), (  29,   2), (   2,   6), (  30,   3), (   5,   9), (  22,  26), (  18,  22), (  26,  30), (  16,  20), (  13,  17), (  14,  18), (   7,  11), (  11,  15), (  15,  19), (  19,  23), (  12,  16)]
[(  14,  19), (  10,  15), (   2,   7), (  23,  28), (  25,  30), (  16,  21), (   6,  11), (  20,  25), (  17,  22), (  19,  24), (  15,  20), (  28,   2), (  30,   4), (   8,  13), (  13,  18), (  18,  23), (   9,  14), (  12,  17), (  24,  29), (   7,  12), (  29,   3), (   5,  10), (  21,  26), (  22,  27), (   4,   9), (   1,   6), (  11,  16), (   3,   8), (  27,   1)]
[(  17,  23), (  13,  19), (  21,  27), (   8,  14), (  26,   1), (   9,  15), (  30,   5), (  16,  22), (  19,  25), (  27,   2), (   4,  10), (  23,  29), (  12,  18), (   3,   9), (  28,   3), (  22,  28), (   1,   7), (  15,  21), (   7,  13), (  29,   4), (  10,  16), (   2,   8), (   5,  11), (   6,  12), (  24,  30), (  14,  20), (  18,  24), (  20,  26), (  11,  17)]
[(  28,   4), (  14,  21), (  22,  29), (  17,  24), (   4,  11), (  29,   5), (  20,  27), (   6,  13), (  26,   2), (   8,  15), (  23,  30), (  30,   6), (  10,  17), (   5,  12), (  12,  19), (  19,  26), (  13,  20), (   7,  14), (   2,   9), (  16,  23), (   1,   8), (  25,   1), (   9,  16), (  21,  28), (  27,   3), (  18,  25), (   3,  10), (  11,  18), (  15,  22)]
[(   3,  11), (  16,  24), (  15,  23), (  21,  29), (   9,  17), (  17,  25), (  25,   2), (  10,  18), (  20,  28), (  18,  26), (  29,   6), (  26,   3), (  11,  19), (  19,  27), (  27,   4), (   4,  12), (   8,  16), (  24,   1), (   6,  14), (   5,  13), (  28,   5), (  13,  21), (  12,  20), (   1,   9), (  14,  22), (  22,  30), (  30,   7), (   7,  15), (   2,  10)]
[(   7,  16), (  18,  27), (  30,   8), (   9,  18), (  14,  23), (   4,  13), (  17,  26), (  12,  21), (   3,  12), (  28,   6), (  13,  22), (  27,   5), (  23,   1), (   2,  11), (  11,  20), (  20,  29), (  19,  28), (  16,  25), (  21,  30), (  25,   3), (   6,  15), (  15,  24), (  10,  19), (  29,   7), (   1,  10), (   8,  17), (  26,   4), (  24,   2), (   5,  14)]
[(  30,   9), (  20,  30), (   9,  19), (  27,   6), (  19,  29), (   1,  11), (  12,  22), (  24,   3), (   4,  14), (   7,  17), (  18,  28), (  11,  21), (  29,   8), (  16,  26), (  26,   5), (   5,  15), (  25,   4), (  23,   2), (  15,  25), (  14,  24), (  13,  23), (  17,  27), (  28,   7), (  10,  20), (   8,  18), (   2,  12), (  22,   1), (   6,  16), (   3,  13)]
[(  25,   5), (  29,   9), (   6,  17), (  15,  26), (  27,   7), (  22,   2), (  13,  24), (   4,  15), (   7,  18), (   3,  14), (   8,  19), (  14,  25), (  16,  27), (  21,   1), (  10,  21), (  30,  10), (  11,  22), (  26,   6), (  12,  23), (  17,  28), (   9,  20), (  19,  30), (  18,  29), (  23,   3), (   5,  16), (  24,   4), (   2,  13), (   1,  12), (  28,   8)]
[(   8,  20), (  26,   7), (   1,  13), (  20,   1), (  21,   2), (  18,  30), (  29,  10), (  30,  11), (  11,  23), (  23,   4), (   2,  14), (  10,  22), (  24,   5), (   6,  18), (  25,   6), (  13,  25), (  15,  27), (  22,   3), (  16,  28), (  27,   8), (  12,  24), (  14,  26), (   3,  15), (   4,  16), (  17,  29), (  28,   9), (   5,  17), (   9,  21), (   7,  19)]
[(  13,  26), (  23,   5), (  11,  24), (  30,  12), (  15,  28), (  26,   8), (  21,   3), (  19,   1), (  16,  29), (  12,  25), (  25,   7), (   7,  20), (   2,  15), (  22,   4), (   9,  22), (  27,   9), (  10,  23), (  28,  10), (   5,  18), (   6,  19), (  14,  27), (  29,  11), (   1,  14), (  17,  30), (  20,   2), (   3,  16), (   8,  21), (   4,  17), (  24,   6)]
[(  15,  29), (  28,  11), (  12,  26), (   2,  16), (   8,  22), (  27,  10), (   9,  23), (  14,  28), (  13,  27), (  16,  30), (  26,   9), (  18,   1), (  20,   3), (  10,  24), (  24,   7), (   7,  21), (  29,  12), (  30,  13), (   3,  17), (   1,  15), (  11,  25), (   4,  18), (  25,   8), (  19,   2), (  23,   6), (   5,  19), (   6,  20), (  22,   5), (  21,   4)]
[(  12,  27), (  17,   1), (   5,  20), (  10,  25), (   3,  18), (  19,   3), (   4,  19), (   2,  17), (  15,  30), (  21,   5), (   1,  16), (   9,  24), (   7,  22), (  23,   7), (   8,  23), (  24,   8), (   6,  21), (  20,   4), (  27,  11), (  26,  10), (  18,   2), (  28,  12), (  22,   6), (  11,  26), (  13,  28), (  29,  13), (  14,  29), (  30,  14), (  25,   9)]