[(   1,   2), (   2,   3), (   3,   4), (   4,   5), (   5,   6), (   6,   7), (   7,   8), (   8,   9), (   9,  10), (  10,  11), (  11,  12), (  12,  13), (  13,  14), (  14,  15), (  15,  16), (  16,  17), (  17,  18), (  18,  19), (  19,  20), (  20,  21), (  21,  22), (  22,  23), (  23,  24), (  24,  25), (  25,  26), (  26,  27), (  27,  28), (  28,  29), (  29,  30)]
[(  15,  17), (   4,   6), (  16,  18), (  23,  25), (  10,  12), (   3,   5), (  22,  24), (  12,  14), (  27,  29), (   2,   4), (  28,  30), (  20,  22), (  21,  23), (  18,  20), (  30,   1), (   8,  10), (   5,   7), (   6,   8), (   9,  11), (  26,  28), (  24,  26), (  25,  27), (  11,  13), (  17,  19), (   7,   9), (  19,  21), (  13,  15), (   1,   3), (  14,  16)]
[(  24,  27), (  18,  21), (  23,  26), (  10,  13), (  22,  25), (  25,  28), (   3,   6), (  29,   1), (  17,  20), (   9,  12), (   7,  10), (  16,  19), (  30,   2), (  26,  29), (  14,  17), (   4,   7), (  21,  24), (  27,  30), (  15,  18), (   2,   5), (  11,  14), (   5,   8), (   6,   9), (  13,  16), (  12,  15), (  20,  23), (   8,  11), (  19,  22), (   1,   4)]
[(  22,  26), (   8,  12), (  24,  28), (  26,  30), (  20,  24), (  10,  14), (  25,  29), (   6,  10), (  28,   1), (  30,   3), (   5,   9), (   4,   8), (   7,  11), (  23,  27), (  29,   2), (  15,  19), (  12,  16), (   1,   5), (  21,  25), (  11,  15), (   9,  13), (   2,   6), (  17,  21), (   3,   7), (  18,  22), (  14,  18), (  19,  23), (  16,  20), (  13,  17)]
[(   9,  14), (  25,  30), (  17,  22), (  12,  17), (  27,   1), (  18,  23), (   4,   9), (  16,  21), (  14,  19), (  15,  20), (  24,  29), (  28,   2), (   3,   8), (   8,  13), (  13,  18), (  22,  27), (  20,  25), (  11,  16), (   2,   7), (   7,  12), (  23,  28), (  19,  24), (  30,   4), (  10,  15), (   1,   6), (   6,  11), (  29,   3), (   5,  10), (  21,  26)]
[(  12,  18), (   5,  11), (  27,   2), (  16,  22), (  13,  19), (  11,  17), (  14,  20), (  19,  25), (   2,   8), (  17,  23), (  21,  27), (  18,  24), (   9,  15), (   3,   9), (  28,   3), (  20,  26), (  23,  29), (  15,  21), (   4,  10), (  29,   4), (   1,   7), (   7,  13), (  22,  28), (  26,   1), (  30,   5), (  24,  30), (  10,  16), (   8,  14), (   6,  12)]
[(  28,   4), (  13,  20), (   6,  13), (  21,  28), (  14,  21), (  22,  29), (   5,  12), (  23,  30), (  18,  25), (  19,  26), (   1,   8), (  10,  17), (  20,  27), (  17,  24), (  12,  19), (   2,   9), (   8,  15), (   7,  14), (  29,   5), (  27,   3), (  30,   6), (  11,  18), (   3,  10), (   4,  11), (  16,  23), (   9,  16), (  25,   1), (  26,   2), (  15,  22)]
[(   3,  11), (  16,  24), (  12,  20), (   7,  15), (   9,  17), (  24,   1), (  10,  18), (  20,  28), (  26,   3), (  13,  21), (  15,  23), (  29,   6), (  28,   5), (  25,   2), (  27,   4), (  21,  29), (   2,  10), (  17,  25), (  22,  30), (  14,  22), (   8,  16), (   1,   9), (  18,  26), (   6,  14), (  11,  19), (   5,  13), (   4,  12), (  30,   7), (  19,  27)]
[(   7,  16), (  14,  23), (   5,  14), (   9,  18), (  30,   8), (  12,  21), (  19,  28), (  26,   4), (   6,  15), (  29,   7), (  13,  22), (  23,   1), (  16,  25), (   1,  10), (  11,  20), (  28,   6), (   4,  13), (  20,  29), (  17,  26), (   8,  17), (  10,  19), (   3,  12), (  27,   5), (  18,  27), (  24,   2), (  25,   3), (  21,  30), (  15,  24), (   2,  11)]
[(  29,   8), (  19,  29), (   1,  11), (  27,   6), (  23,   2), (   9,  19), (  17,  27), (   5,  15), (  11,  21), (  18,  28), (  16,  26), (  30,   9), (  12,  22), (  28,   7), (  26,   5), (  24,   3), (  22,   1), (   3,  13), (  14,  24), (   6,  16), (  25,   4), (  10,  20), (  15,  25), (  20,  30), (   4,  14), (   2,  12), (   7,  17), (  13,  23), (   8,  18)]
[(  19,  30), (  27,   7), (  30,  10), (   3,  14), (   4,  15), (   2,  13), (  21,   1), (   7,  18), (   5,  16), (  16,  27), (  14,  25), (  25,   5), (  24,   4), (  11,  22), (  10,  21), (  12,  23), (  26,   6), (  22,   2), (   1,  12), (  13,  24), (  18,  29), (  15,  26), (   8,  19), (  29,   9), (  17,  28), (  28,   8), (   9,  20), (   6,  17), (  23,   3)]
[(  13,  25), (  10,  22), (   7,  19), (  20,   1), (  26,   7), (  15,  27), (  11,  23), (  22,   3), (  12,  24), (  24,   5), (   6,  18), (   3,  15), (  17,  29), (   4,  16), (  25,   6), (   1,  13), (  30,  11), (  23,   4), (  27,   8), (  18,  30), (   5,  17), (  16,  28), (   2,  14), (  21,   2), (   8,  20), (  29,  10), (  14,  26), (   9,  21), (  28,   9)]
[(  10,  23), (  15,  28), (   8,  21), (  29,  11), (  16,  29), (  26,   8), (  13,  26), (  11,  24), (  22,   4), (   1,  14), (  20,   2), (  14,  27), (   6,  19), (  30,  12), (   9,  22), (   5,  18), (  27,   9), (  28,  10), (   3,  16), (  19,   1), (   2,  15), (  17,  30), (   7,  20), (  23,   5), (  21,   3), (   4,  17), (  24,   6), (  12,  25), (  25,   7)]
[(   6,  20), (  26,   9), (  15,  29), (  19,   2), (  28,  11), (  16,  30), (   2,  16), (  13,  27), (  30,  13), (  25,   8), (   3,  17), (   7,  21), (  18,   1), (   5,  19), (  24,   7), (  11,  25), (  14,  28), (  12,  26), (  23,   6), (   9,  23), (  20,   3), (  21,   4), (  29,  12), (   8,  22), (  27,  10), (   1,  15), (  22,   5), (   4,  18), (  10,  24)]
[(  21,   5), (  17,   1), (  25,   9), (  24,   8), (   3,  18), (  20,   4), (  15,  30), (   2,  17), (  23,   7), (  22,   6), (   4,  19), (  11,  26), (  26,  10), (   6,  21), (   8,  23), (  30,  14), (  19,   3), (   9,  24), (  13,  28), (  10,  25), (  12,  27), (  14,  29), (   1,  16), (  28,  12), (  29,  13), (   7,  22), (  18,   2), (  27,  11), (   5,  20)]