[(   1,   2), (   2,   3), (   3,   4), (   4,   5), (   5,   6), (   6,   7), (   7,   8), (   8,   9), (   9,  10), (  10,  11), (  11,  12), (  12,  13), (  13,  14), (  14,  15), (  15,  16), (  16,  17), (  17,  18), (  18,  19), (  19,  20), (  20,  21), (  21,  22), (  22,  23), (  23,  24), (  24,  25), (  25,  26), (  26,  27), (  27,  28), (  28,  29), (  29,  30)]
[(   4,   6), (   8,  10), (   7,   9), (  28,  30), (  10,  12), (  12,  14), (  14,  16), (  30,   1), (   1,   3), (  15,  17), (  27,  29), (  24,  26), (  20,  22), (  19,  21), (  26,  28), (  22,  24), (   3,   5), (   5,   7), (  23,  25), (   9,  11), (  18,  20), (   6,   8), (  16,  18), (  13,  15), (   2,   4), (  21,  23), (  17,  19), (  25,  27), (  11,  13)]
[(  14,  17), (  23,  26), (   2,   5), (  15,  18), (  19,  22), (   8,  11), (  24,  27), (  16,  19), (  25,  28), (   3,   6), (   1,   4), (   5,   8), (  21,  24), (   7,  10), (  27,  30), (  12,  15), (   4,   7), (  26,  29), (   9,  12), (  30,   2), (  13,  16), (  29,   1), (  22,  25), (   6,   9), (  18,  21), (  17,  20), (  11,  14), (  10,  13), (  20,  23)]
[(  16,  20), (  25,  29), (  15,  19), (   7,  11), (  20,  24), (  24,  28), (  28,   1), (  21,  25), (  13,  17), (   1,   5), (  22,  26), (  17,  21), (  30,   3), (   4,   8), (   9,  13), (  23,  27), (   6,  10), (  10,  14), (   3,   7), (  18,  22), (   2,   6), (  14,  18), (  29,   2), (  12,  16), (   8,  12), (  11,  15), (  26,  30), (  19,  23), (   5,   9)]
[(   7,  12), (  12,  17), (  23,  28), (  21,  26), (  30,   4), (  15,  20), (  13,  18), (   5,  10), (  14,  19), (  24,  29), (  20,  25), (  25,  30), (  11,  16), (  27,   1), (   2,   7), (  29,   3), (  22,  27), (   3,   8), (   6,  11), (  19,  24), (   4,   9), (  16,  21), (   9,  14), (  18,  23), (  10,  15), (  28,   2), (   8,  13), (   1,   6), (  17,  22)]
[(  15,  21), (  30,   5), (  18,  24), (  14,  20), (   7,  13), (  16,  22), (  17,  23), (  23,  29), (  24,  30), (  13,  19), (   9,  15), (  10,  16), (   6,  12), (   5,  11), (  11,  17), (   2,   8), (   8,  14), (  21,  27), (  22,  28), (  29,   4), (  19,  25), (   4,  10), (   1,   7), (  27,   2), (  28,   3), (   3,   9), (  12,  18), (  20,  26), (  26,   1)]
[(  18,  25), (  13,  20), (  10,  17), (  12,  19), (  21,  28), (  26,   2), (  30,   6), (  17,  24), (  29,   5), (  23,  30), (   7,  14), (   2,   9), (  28,   4), (  22,  29), (  14,  21), (   4,  11), (  25,   1), (  15,  22), (   8,  15), (  16,  23), (   1,   8), (  19,  26), (   6,  13), (   3,  10), (  20,  27), (   5,  12), (   9,  16), (  11,  18), (  27,   3)]
[(  19,  27), (  14,  22), (   6,  14), (   8,  16), (   9,  17), (  17,  25), (  25,   2), (  18,  26), (  15,  23), (  27,   4), (  10,  18), (   3,  11), (   2,  10), (  16,  24), (  29,   6), (  13,  21), (  12,  20), (  20,  28), (  21,  29), (   5,  13), (  26,   3), (  30,   7), (  11,  19), (  28,   5), (   1,   9), (  22,  30), (  24,   1), (   7,  15), (   4,  12)]
[(  30,   8), (  18,  27), (  20,  29), (  25,   3), (  23,   1), (  27,   5), (  11,  20), (   6,  15), (  12,  21), (  16,  25), (  19,  28), (  14,  23), (   9,  18), (   3,  12), (  10,  19), (   1,  10), (  21,  30), (  24,   2), (   4,  13), (  28,   6), (   5,  14), (   2,  11), (  26,   4), (  17,  26), (  13,  22), (   7,  16), (  29,   7), (   8,  17), (  15,  24)]
[(  24,   3), (  11,  21), (  12,  22), (  23,   2), (  29,   8), (  30,   9), (  26,   5), (   4,  14), (  27,   6), (  18,  28), (   3,  13), (  19,  29), (  17,  27), (  20,  30), (  22,   1), (   9,  19), (  13,  23), (   6,  16), (  16,  26), (   7,  17), (  28,   7), (  15,  25), (  10,  20), (   1,  11), (  14,  24), (  25,   4), (   5,  15), (   2,  12), (   8,  18)]
[(  11,  22), (   4,  15), (  21,   1), (  29,   9), (  16,  27), (  18,  29), (  10,  21), (   2,  13), (   7,  18), (   9,  20), (   5,  16), (  27,   7), (  25,   5), (  17,  28), (  23,   3), (  26,   6), (  15,  26), (   1,  12), (  30,  10), (   3,  14), (  12,  23), (  13,  24), (  28,   8), (  19,  30), (   6,  17), (   8,  19), (  22,   2), (  24,   4), (  14,  25)]
[(  29,  10), (  28,   9), (  13,  25), (  10,  22), (  14,  26), (   1,  13), (   3,  15), (  22,   3), (   4,  16), (   2,  14), (  21,   2), (  20,   1), (  26,   7), (  25,   6), (  12,  24), (  18,  30), (  16,  28), (  11,  23), (  24,   5), (  27,   8), (  17,  29), (   5,  17), (  15,  27), (   8,  20), (  30,  11), (   6,  18), (  23,   4), (   9,  21), (   7,  19)]
[(  23,   5), (   6,  19), (  26,   8), (  24,   6), (   2,  15), (  10,  23), (   9,  22), (   7,  20), (  20,   2), (   8,  21), (  17,  30), (  15,  28), (  19,   1), (  13,  26), (   5,  18), (  25,   7), (  29,  11), (   4,  17), (  14,  27), (  12,  25), (  11,  24), (  27,   9), (  30,  12), (  22,   4), (  16,  29), (   1,  14), (  21,   3), (   3,  16), (  28,  10)]
[(  26,   9), (  24,   7), (  16,  30), (  13,  27), (  11,  25), (  21,   4), (  29,  12), (  28,  11), (   8,  22), (  12,  26), (  23,   6), (   4,  18), (  15,  29), (   9,  23), (  25,   8), (  14,  28), (  19,   2), (  30,  13), (  18,   1), (   1,  15), (  27,  10), (  20,   3), (   3,  17), (   7,  21), (   5,  19), (  10,  24), (   6,  20), (  22,   5), (   2,  16)]
[(  13,  28), (   1,  16), (  27,  11), (  17,   1), (   3,  18), (  19,   3), (   4,  19), (  12,  27), (  11,  26), (   7,  22), (  24,   8), (  22,   6), (   8,  23), (  18,   2), (  20,   4), (   5,  20), (   9,  24), (  25,   9), (   2,  17), (  26,  10), (  15,  30), (  28,  12), (  21,   5), (  14,  29), (  23,   7), (  29,  13), (  10,  25), (  30,  14), (   6,  21)]