[(   1,   2), (   2,   3), (   3,   4), (   4,   5), (   5,   6), (   6,   7), (   7,   8), (   8,   9), (   9,  10), (  10,  11), (  11,  12), (  12,  13), (  13,  14), (  14,  15), (  15,  16), (  16,  17), (  17,  18), (  18,  19), (  19,  20), (  20,  21), (  21,  22), (  22,  23), (  23,  24), (  24,  25), (  25,  26), (  26,  27), (  27,  28), (  28,  29), (  29,  30)]
[(  10,  12), (  25,  27), (  13,  15), (  12,  14), (  27,  29), (  17,  19), (   3,   5), (  18,  20), (  26,  28), (   6,   8), (  22,  24), (   2,   4), (  30,   1), (  28,  30), (  11,  13), (   1,   3), (  20,  22), (   9,  11), (  15,  17), (   8,  10), (  16,  18), (  14,  16), (  19,  21), (   5,   7), (   4,   6), (  21,  23), (  24,  26), (   7,   9), (  23,  25)]
[(  18,  21), (   1,   4), (  23,  26), (  29,   1), (  25,  28), (  24,  27), (  16,  19), (  14,  17), (  15,  18), (  13,  16), (   4,   7), (   6,   9), (   8,  11), (   9,  12), (  26,  29), (  11,  14), (   2,   5), (  21,  24), (  22,  25), (  19,  22), (  17,  20), (  12,  15), (  30,   2), (  27,  30), (  10,  13), (   5,   8), (   3,   6), (  20,  23), (   7,  10)]
[(  23,  27), (  14,  18), (  28,   1), (   3,   7), (  15,  19), (  10,  14), (   9,  13), (  21,  25), (  29,   2), (  26,  30), (  13,  17), (  20,  24), (  22,  26), (  25,  29), (   1,   5), (   2,   6), (  12,  16), (  16,  20), (   7,  11), (  24,  28), (   5,   9), (   6,  10), (   8,  12), (  18,  22), (  19,  23), (  11,  15), (   4,   8), (  30,   3), (  17,  21)]
[(  11,  16), (  12,  17), (   6,  11), (  16,  21), (  30,   4), (   4,   9), (  15,  20), (   2,   7), (  25,  30), (  14,  19), (  10,  15), (  21,  26), (  29,   3), (   8,  13), (  19,  24), (  18,  23), (   9,  14), (   3,   8), (  28,   2), (  13,  18), (   1,   6), (  24,  29), (  22,  27), (  23,  28), (  17,  22), (   7,  12), (  20,  25), (   5,  10), (  27,   1)]
[(  19,  25), (   9,  15), (  24,  30), (  17,  23), (  14,  20), (  23,  29), (   4,  10), (  30,   5), (  16,  22), (  15,  21), (   8,  14), (   5,  11), (  21,  27), (  18,  24), (   3,   9), (  22,  28), (  26,   1), (   7,  13), (  29,   4), (  27,   2), (  28,   3), (   1,   7), (  20,  26), (  11,  17), (   2,   8), (  10,  16), (  12,  18), (  13,  19), (   6,  12)]
[(  17,  24), (  16,  23), (   9,  16), (   6,  13), (  10,  17), (  21,  28), (  22,  29), (  15,  22), (   5,  12), (  28,   4), (  25,   1), (  18,  25), (  12,  19), (   3,  10), (  20,  27), (  19,  26), (  27,   3), (  30,   6), (   1,   8), (  23,  30), (  26,   2), (   4,  11), (  29,   5), (   8,  15), (  14,  21), (   2,   9), (   7,  14), (  11,  18), (  13,  20)]
[(  30,   7), (  29,   6), (  12,  20), (  20,  28), (   3,  11), (   5,  13), (  24,   1), (  27,   4), (  13,  21), (  25,   2), (  26,   3), (  15,  23), (   2,  10), (  19,  27), (  10,  18), (   4,  12), (  21,  29), (  17,  25), (  16,  24), (   6,  14), (  11,  19), (  18,  26), (   7,  15), (   1,   9), (  28,   5), (  22,  30), (   9,  17), (  14,  22), (   8,  16)]
[(   5,  14), (  21,  30), (  10,  19), (  24,   2), (  13,  22), (  11,  20), (  17,  26), (  28,   6), (   8,  17), (  27,   5), (  18,  27), (  30,   8), (  16,  25), (   2,  11), (  14,  23), (  20,  29), (   6,  15), (   1,  10), (   3,  12), (  29,   7), (  15,  24), (  19,  28), (   9,  18), (   4,  13), (   7,  16), (  25,   3), (  23,   1), (  12,  21), (  26,   4)]
[(  29,   8), (  10,  20), (  17,  27), (   8,  18), (  23,   2), (  15,  25), (  18,  28), (  19,  29), (  27,   6), (  12,  22), (  20,  30), (  22,   1), (   7,  17), (  16,  26), (   2,  12), (   5,  15), (  28,   7), (  26,   5), (  13,  23), (   1,  11), (   4,  14), (  30,   9), (   3,  13), (   6,  16), (  24,   3), (  14,  24), (  11,  21), (  25,   4), (   9,  19)]
[(   4,  15), (   8,  19), (  18,  29), (  19,  30), (   7,  18), (   1,  12), (  14,  25), (  12,  23), (   3,  14), (  23,   3), (  29,   9), (  16,  27), (  24,   4), (  21,   1), (  28,   8), (  30,  10), (  13,  24), (  22,   2), (  26,   6), (   5,  16), (  27,   7), (  25,   5), (   6,  17), (  10,  21), (   9,  20), (  17,  28), (   2,  13), (  15,  26), (  11,  22)]
[(  28,   9), (  26,   7), (   2,  14), (  15,  27), (  12,  24), (  22,   3), (  21,   2), (   1,  13), (  11,  23), (  17,  29), (  16,  28), (   7,  19), (   6,  18), (   5,  17), (  25,   6), (  13,  25), (  30,  11), (  23,   4), (   9,  21), (   3,  15), (  29,  10), (   8,  20), (   4,  16), (  14,  26), (  18,  30), (  20,   1), (  10,  22), (  27,   8), (  24,   5)]
[(  13,  26), (  11,  24), (  25,   7), (   9,  22), (   8,  21), (  26,   8), (  30,  12), (   3,  16), (  19,   1), (   7,  20), (  23,   5), (  28,  10), (  15,  28), (  22,   4), (  17,  30), (  27,   9), (  10,  23), (  14,  27), (   5,  18), (   4,  17), (  12,  25), (  21,   3), (   1,  14), (  20,   2), (  29,  11), (   6,  19), (  16,  29), (  24,   6), (   2,  15)]
[(  20,   3), (  22,   5), (   8,  22), (  11,  25), (  26,   9), (  16,  30), (  23,   6), (  10,  24), (  24,   7), (  18,   1), (  19,   2), (   3,  17), (   9,  23), (   6,  20), (  21,   4), (   7,  21), (  25,   8), (  15,  29), (  27,  10), (  12,  26), (  30,  13), (  13,  27), (  28,  11), (  29,  12), (   1,  15), (   4,  18), (   5,  19), (   2,  16), (  14,  28)]
[(  22,   6), (  13,  28), (  21,   5), (  26,  10), (   1,  16), (  18,   2), (  27,  11), (  11,  26), (  20,   4), (   9,  24), (   6,  21), (  14,  29), (   5,  20), (  23,   7), (   7,  22), (  24,   8), (   4,  19), (  28,  12), (  30,  14), (  25,   9), (   8,  23), (   2,  17), (  10,  25), (  19,   3), (  12,  27), (  29,  13), (  15,  30), (  17,   1), (   3,  18)]