[(   1,   2), (   2,   3), (   3,   4), (   4,   5), (   5,   6), (   6,   7), (   7,   8), (   8,   9), (   9,  10), (  10,  11), (  11,  12), (  12,  13), (  13,  14), (  14,  15), (  15,  16), (  16,  17), (  17,  18), (  18,  19), (  19,  20), (  20,  21), (  21,  22), (  22,  23), (  23,  24), (  24,  25), (  25,  26), (  26,  27), (  27,  28), (  28,  29), (  29,  30), (  30,  31), (  31,  32)]
[(   8,  10), (  17,  19), (  10,  12), (   6,   8), (  12,  14), (  29,  31), (  11,  13), (  27,  29), (   1,   3), (  24,  26), (   3,   5), (  16,  18), (  22,  24), (  18,  20), (   5,   7), (  32,   1), (  26,  28), (  13,  15), (   9,  11), (  15,  17), (  28,  30), (   7,   9), (  30,  32), (   4,   6), (  20,  22), (   2,   4), (  19,  21), (  25,  27), (  21,  23), (  14,  16), (  23,  25)]
[(  28,  31), (  23,  26), (  11,  14), (   9,  12), (  13,  16), (  24,  27), (  22,  25), (  12,  15), (  25,  28), (  16,  19), (  10,  13), (  29,  32), (  32,   2), (   4,   7), (   3,   6), (  15,  18), (  27,  30), (  26,  29), (  31,   1), (   1,   4), (  20,  23), (  14,  17), (   5,   8), (  18,  21), (   8,  11), (   6,   9), (  17,  20), (  21,  24), (  19,  22), (   7,  10), (   2,   5)]
[(  12,  16), (   7,  11), (  24,  28), (  20,  24), (  25,  29), (  13,  17), (  14,  18), (  28,  32), (  19,  23), (  32,   3), (  26,  30), (  21,  25), (   6,  10), (   2,   6), (  18,  22), (  31,   2), (  11,  15), (  27,  31), (  23,  27), (   8,  12), (   3,   7), (  30,   1), (  10,  14), (   1,   5), (  15,  19), (  16,  20), (   4,   8), (   9,  13), (   5,   9), (  22,  26), (  17,  21)]
[(  32,   4), (  15,  20), (  22,  27), (  25,  30), (  23,  28), (  21,  26), (  24,  29), (   2,   7), (  12,  17), (   1,   6), (   9,  14), (  10,  15), (  11,  16), (  31,   3), (  20,  25), (  14,  19), (   8,  13), (  30,   2), (  17,  22), (  18,  23), (  19,  24), (  27,  32), (  16,  21), (  26,  31), (   4,   9), (   7,  12), (   5,  10), (   3,   8), (   6,  11), (  13,  18), (  29,   1)]
[(  18,  24), (  16,  22), (  26,  32), (  22,  28), (  15,  21), (   4,  10), (  28,   1), (  14,  20), (  21,  27), (  25,  31), (  19,  25), (  24,  30), (  20,  26), (  17,  23), (  29,   2), (  30,   3), (  31,   4), (  10,  16), (   7,  13), (   3,   9), (   8,  14), (   2,   8), (   6,  12), (  13,  19), (  32,   5), (  23,  29), (  12,  18), (   5,  11), (   1,   7), (  11,  17), (   9,  15)]
[(  19,  26), (  14,  21), (   1,   8), (   3,  10), (  24,  31), (  15,  22), (  10,  17), (  18,  25), (   6,  13), (   5,  12), (  28,   2), (  27,   1), (  29,   3), (  22,  29), (  17,  24), (  13,  20), (   9,  16), (   4,  11), (  30,   4), (  32,   6), (  31,   5), (  21,  28), (  20,  27), (   8,  15), (  16,  23), (  11,  18), (   2,   9), (  23,  30), (  25,  32), (  12,  19), (   7,  14)]
[(   7,  15), (  30,   5), (  17,  25), (  15,  23), (  26,   1), (   1,   9), (  27,   2), (  11,  19), (  22,  30), (   9,  17), (  21,  29), (  23,  31), (  19,  27), (   5,  13), (  13,  21), (  29,   4), (  12,  20), (  20,  28), (   6,  14), (   2,  10), (   4,  12), (  16,  24), (   3,  11), (  14,  22), (  31,   6), (  24,  32), (  32,   7), (  10,  18), (   8,  16), (  28,   3), (  18,  26)]
[(  29,   5), (  25,   1), (   7,  16), (  18,  27), (  27,   3), (  11,  20), (   3,  12), (   4,  13), (   5,  14), (  14,  23), (  15,  24), (   2,  11), (  31,   7), (  16,  25), (  23,  32), (  12,  21), (   1,  10), (   8,  17), (  26,   2), (  22,  31), (   9,  18), (  10,  19), (  19,  28), (  20,  29), (  21,  30), (  13,  22), (  30,   6), (   6,  15), (  17,  26), (  32,   8), (  28,   4)]
[(  17,  27), (   8,  18), (  13,  23), (  11,  21), (   9,  19), (  25,   2), (  21,  31), (  26,   3), (  16,  26), (  20,  30), (  27,   4), (   4,  14), (  18,  28), (  24,   1), (   1,  11), (  28,   5), (  22,  32), (  32,   9), (   5,  15), (  19,  29), (  29,   6), (   3,  13), (   7,  17), (  30,   7), (   2,  12), (  31,   8), (  14,  24), (  12,  22), (  10,  20), (  15,  25), (   6,  16)]
[(  14,  25), (  28,   6), (  20,  31), (  29,   7), (  32,  10), (   5,  16), (  19,  30), (  10,  21), (   4,  15), (   7,  18), (   6,  17), (   9,  20), (   1,  12), (  30,   8), (  31,   9), (  11,  22), (  24,   2), (  25,   3), (  21,  32), (  13,  24), (  16,  27), (  15,  26), (  18,  29), (  12,  23), (   3,  14), (  17,  28), (  23,   1), (  26,   4), (   2,  13), (  27,   5), (   8,  19)]
[(  11,  23), (  31,  10), (  30,   9), (  19,  31), (   8,  20), (  18,  30), (   4,  16), (  22,   1), (  29,   8), (  15,  27), (  20,  32), (  28,   7), (   5,  17), (   9,  21), (  14,  26), (  27,   6), (   7,  19), (  12,  24), (  16,  28), (  26,   5), (   1,  13), (   6,  18), (  25,   4), (  32,  11), (  17,  29), (   3,  15), (  13,  25), (   2,  14), (  24,   3), (  23,   2), (  10,  22)]
[(   9,  22), (  24,   4), (   5,  18), (  13,  26), (   4,  17), (  32,  12), (  26,   6), (  17,  30), (  31,  11), (  28,   8), (  18,  31), (   6,  19), (   8,  21), (  19,  32), (  30,  10), (  10,  23), (  23,   3), (   1,  14), (  12,  25), (  14,  27), (   2,  15), (  25,   5), (  22,   2), (   3,  16), (  27,   7), (  21,   1), (  16,  29), (   7,  20), (  15,  28), (  29,   9), (  11,  24)]
[(   6,  20), (  32,  13), (  15,  29), (   2,  16), (  30,  11), (  14,  28), (   9,  23), (  24,   5), (  18,  32), (  21,   2), (   8,  22), (   3,  17), (  23,   4), (  12,  26), (  27,   8), (  26,   7), (  25,   6), (   7,  21), (  29,  10), (  16,  30), (  11,  25), (  31,  12), (   1,  15), (  28,   9), (  10,  24), (   5,  19), (  22,   3), (  17,  31), (   4,  18), (  20,   1), (  13,  27)]
[(  21,   3), (  27,   9), (   6,  21), (  32,  14), (   7,  22), (   8,  23), (   5,  20), (  16,  31), (  20,   2), (  22,   4), (   1,  16), (  26,   8), (  15,  30), (  28,  10), (   4,  19), (   9,  24), (  14,  29), (  23,   5), (   3,  18), (  25,   7), (  17,  32), (  29,  11), (  31,  13), (   2,  17), (  13,  28), (  10,  25), (  11,  26), (  19,   1), (  12,  27), (  24,   6), (  30,  12)]
[(  30,  13), (  29,  12), (  19,   2), (   1,  17), (   2,  18), (   3,  19), (  32,  15), (  23,   6), (  24,   7), (  13,  29), (   7,  23), (  22,   5), (   9,  25), (  11,  27), (  12,  28), (  25,   8), (   5,  21), (   6,  22), (   8,  24), (  28,  11), (  10,  26), (   4,  20), (  26,   9), (  27,  10), (  18,   1), (  14,  30), (  15,  31), (  16,  32), (  31,  14), (  21,   4), (  20,   3)]