[(   1,   2), (   2,   3), (   3,   4), (   4,   5), (   5,   6), (   6,   7), (   7,   8), (   8,   9), (   9,  10), (  10,  11), (  11,  12), (  12,  13), (  13,  14), (  14,  15), (  15,  16), (  16,  17), (  17,  18), (  18,  19), (  19,  20), (  20,  21), (  21,  22), (  22,  23), (  23,  24), (  24,  25), (  25,  26), (  26,  27), (  27,  28), (  28,  29), (  29,  30), (  30,  31), (  31,  32)]
[(  29,  31), (  23,  25), (  20,  22), (  18,  20), (  14,  16), (  32,   1), (  27,  29), (  24,  26), (  19,  21), (   3,   5), (   6,   8), (   1,   3), (  28,  30), (  21,  23), (  12,  14), (   5,   7), (  26,  28), (  13,  15), (   9,  11), (  25,  27), (   7,   9), (   4,   6), (   2,   4), (  11,  13), (  16,  18), (  10,  12), (  22,  24), (  30,  32), (   8,  10), (  15,  17), (  17,  19)]
[(   3,   6), (  11,  14), (   9,  12), (  13,  16), (  20,  23), (  14,  17), (  22,  25), (   4,   7), (   8,  11), (  25,  28), (  15,  18), (  21,  24), (  31,   1), (  24,  27), (   2,   5), (  12,  15), (   1,   4), (   5,   8), (  23,  26), (   7,  10), (  26,  29), (  17,  20), (  18,  21), (  29,  32), (  28,  31), (  16,  19), (  10,  13), (   6,   9), (  19,  22), (  32,   2), (  27,  30)]
[(   4,   8), (  26,  30), (  21,  25), (  25,  29), (  30,   1), (  19,  23), (  16,  20), (  12,  16), (  31,   2), (  20,  24), (  13,  17), (   5,   9), (   3,   7), (   1,   5), (   9,  13), (   6,  10), (  11,  15), (  24,  28), (  17,  21), (  22,  26), (  27,  31), (  32,   3), (  28,  32), (  23,  27), (   7,  11), (  18,  22), (  15,  19), (  10,  14), (   2,   6), (  14,  18), (   8,  12)]
[(  23,  28), (   5,  10), (  14,  19), (   3,   8), (  22,  27), (  10,  15), (   4,   9), (  30,   2), (  17,  22), (  27,  32), (  26,  31), (  32,   4), (  21,  26), (   2,   7), (  20,  25), (  18,  23), (  16,  21), (  25,  30), (  29,   1), (   1,   6), (  12,  17), (   9,  14), (   8,  13), (  31,   3), (  19,  24), (  24,  29), (   6,  11), (  15,  20), (   7,  12), (  11,  16), (  13,  18)]
[(  21,  27), (   1,   7), (  26,  32), (  24,  30), (   4,  10), (   3,   9), (   5,  11), (  13,  19), (  32,   5), (  12,  18), (  22,  28), (  23,  29), (  17,  23), (  20,  26), (  28,   1), (  31,   4), (  14,  20), (  11,  17), (  30,   3), (   9,  15), (  18,  24), (  29,   2), (   6,  12), (  10,  16), (   2,   8), (   7,  13), (   8,  14), (  25,  31), (  15,  21), (  19,  25), (  16,  22)]
[(   7,  14), (  21,  28), (  17,  24), (  27,   1), (   8,  15), (  24,  31), (  28,   2), (  20,  27), (  23,  30), (   6,  13), (  30,   4), (  11,  18), (  12,  19), (   9,  16), (  29,   3), (  22,  29), (   3,  10), (  14,  21), (   5,  12), (   4,  11), (  32,   6), (  18,  25), (  19,  26), (  15,  22), (  10,  17), (   1,   8), (  31,   5), (  16,  23), (  25,  32), (  13,  20), (   2,   9)]
[(  17,  25), (   8,  16), (  27,   2), (   2,  10), (  11,  19), (  13,  21), (   6,  14), (  14,  22), (  20,  28), (  23,  31), (  21,  29), (   7,  15), (  10,  18), (  31,   6), (  22,  30), (  19,  27), (  24,  32), (  29,   4), (  32,   7), (  16,  24), (  15,  23), (  30,   5), (   9,  17), (  18,  26), (  12,  20), (  28,   3), (   4,  12), (   3,  11), (   5,  13), (   1,   9), (  26,   1)]
[(   9,  18), (  15,  24), (   1,  10), (  22,  31), (  31,   7), (  26,   2), (  21,  30), (  29,   5), (  16,  25), (   7,  16), (  25,   1), (  19,  28), (  20,  29), (  32,   8), (  23,  32), (   2,  11), (  13,  22), (   3,  12), (  18,  27), (   8,  17), (   4,  13), (  10,  19), (  11,  20), (   5,  14), (   6,  15), (  30,   6), (  17,  26), (  12,  21), (  14,  23), (  27,   3), (  28,   4)]
[(  10,  20), (  17,  27), (   5,  15), (   7,  17), (  18,  28), (  20,  30), (  13,  23), (  21,  31), (   3,  13), (  19,  29), (   9,  19), (  16,  26), (   6,  16), (  12,  22), (   8,  18), (  14,  24), (  31,   8), (  22,  32), (   4,  14), (  28,   5), (  25,   2), (   1,  11), (  30,   7), (   2,  12), (  27,   4), (  11,  21), (  32,   9), (  24,   1), (  26,   3), (  29,   6), (  15,  25)]
[(  11,  22), (   9,  20), (   7,  18), (  12,  23), (  24,   2), (  16,  27), (  15,  26), (  28,   6), (   1,  12), (  30,   8), (  32,  10), (  14,  25), (   4,  15), (  18,  29), (  26,   4), (  25,   3), (  29,   7), (  31,   9), (   2,  13), (  19,  30), (   5,  16), (  13,  24), (  27,   5), (   6,  17), (  21,  32), (  20,  31), (  23,   1), (   8,  19), (  17,  28), (  10,  21), (   3,  14)]
[(  12,  24), (   6,  18), (  29,   8), (   9,  21), (  17,  29), (  25,   4), (  19,  31), (   3,  15), (  15,  27), (  14,  26), (  24,   3), (  31,  10), (  32,  11), (  13,  25), (   7,  19), (  20,  32), (  27,   6), (  23,   2), (  10,  22), (   2,  14), (   8,  20), (  16,  28), (  22,   1), (  30,   9), (   1,  13), (   5,  17), (  18,  30), (  26,   5), (   4,  16), (  28,   7), (  11,  23)]
[(  13,  26), (  19,  32), (  31,  11), (   6,  19), (  12,  25), (   5,  18), (  32,  12), (  10,  23), (  26,   6), (   9,  22), (  14,  27), (  17,  30), (  22,   2), (  30,  10), (  11,  24), (  21,   1), (  25,   5), (  27,   7), (  15,  28), (  23,   3), (   1,  14), (   8,  21), (   3,  16), (  28,   8), (  29,   9), (   2,  15), (  16,  29), (   4,  17), (  18,  31), (  24,   4), (   7,  20)]
[(   5,  19), (  31,  12), (  16,  30), (  14,  28), (  32,  13), (   8,  22), (  10,  24), (  11,  25), (   4,  18), (   1,  15), (   2,  16), (  27,   8), (  24,   5), (   3,  17), (  17,  31), (  28,   9), (   9,  23), (   6,  20), (  25,   6), (  18,  32), (  30,  11), (  26,   7), (  15,  29), (   7,  21), (  22,   3), (  23,   4), (  21,   2), (  13,  27), (  20,   1), (  12,  26), (  29,  10)]
[(  15,  30), (  22,   4), (  13,  28), (  11,  26), (  21,   3), (  29,  11), (   3,  18), (  17,  32), (  14,  29), (   2,  17), (   5,  20), (  20,   2), (  27,   9), (   4,  19), (   6,  21), (  26,   8), (  30,  12), (   1,  16), (  16,  31), (  31,  13), (  28,  10), (  12,  27), (  10,  25), (  19,   1), (  23,   5), (  32,  14), (  25,   7), (   7,  22), (   9,  24), (   8,  23), (  24,   6)]
[(  16,  32), (  13,  29), (  23,   6), (  32,  15), (  26,   9), (  12,  28), (   1,  17), (  18,   1), (  24,   7), (  21,   4), (   7,  23), (   6,  22), (  25,   8), (  28,  11), (  27,  10), (  30,  13), (  19,   2), (  10,  26), (   8,  24), (  29,  12), (   3,  19), (  15,  31), (  31,  14), (   4,  20), (  14,  30), (   9,  25), (  20,   3), (   2,  18), (  11,  27), (  22,   5), (   5,  21)]