[(   1,   2), (   2,   3), (   3,   4), (   4,   5), (   5,   6), (   6,   7), (   7,   8), (   8,   9), (   9,  10), (  10,  11), (  11,  12), (  12,  13), (  13,  14), (  14,  15), (  15,  16), (  16,  17), (  17,  18), (  18,  19), (  19,  20), (  20,  21), (  21,  22), (  22,  23), (  23,  24), (  24,  25), (  25,  26), (  26,  27), (  27,  28), (  28,  29), (  29,  30), (  30,  31), (  31,  32)]
[(  21,  23), (   8,  10), (  27,  29), (  18,  20), (  23,  25), (  19,  21), (  15,  17), (  30,  32), (  26,  28), (   4,   6), (  14,  16), (  32,   1), (  28,  30), (  16,  18), (   6,   8), (   3,   5), (  11,  13), (  25,  27), (   2,   4), (  12,  14), (  24,  26), (   7,   9), (  10,  12), (  20,  22), (  13,  15), (   1,   3), (  29,  31), (   5,   7), (  22,  24), (  17,  19), (   9,  11)]
[(  26,  29), (  27,  30), (  15,  18), (  21,  24), (   8,  11), (   2,   5), (  29,  32), (  19,  22), (  16,  19), (  23,  26), (  20,  23), (  17,  20), (   4,   7), (  32,   2), (  31,   1), (   9,  12), (   1,   4), (  14,  17), (   3,   6), (   5,   8), (  10,  13), (  24,  27), (  25,  28), (   7,  10), (  18,  21), (  12,  15), (  13,  16), (  11,  14), (  28,  31), (   6,   9), (  22,  25)]
[(  16,  20), (  19,  23), (  13,  17), (   9,  13), (  26,  30), (  24,  28), (   2,   6), (   7,  11), (  25,  29), (  28,  32), (   3,   7), (  23,  27), (  12,  16), (  22,  26), (  18,  22), (  30,   1), (  21,  25), (   8,  12), (  11,  15), (  27,  31), (   5,   9), (  31,   2), (   4,   8), (  15,  19), (  10,  14), (  17,  21), (  20,  24), (   6,  10), (  14,  18), (  32,   3), (   1,   5)]
[(   4,   9), (  32,   4), (  14,  19), (   7,  12), (  17,  22), (  31,   3), (  21,  26), (  10,  15), (  30,   2), (   9,  14), (  27,  32), (  25,  30), (  20,  25), (   6,  11), (  24,  29), (  19,  24), (  26,  31), (   1,   6), (   8,  13), (  18,  23), (   3,   8), (  29,   1), (  15,  20), (  23,  28), (   2,   7), (  11,  16), (  12,  17), (  22,  27), (   5,  10), (  13,  18), (  16,  21)]
[(  11,  17), (   5,  11), (   6,  12), (  10,  16), (  18,  24), (  23,  29), (  22,  28), (  25,  31), (  21,  27), (  15,  21), (  24,  30), (   9,  15), (  32,   5), (  13,  19), (   4,  10), (  29,   2), (  14,  20), (  30,   3), (  16,  22), (   3,   9), (  17,  23), (  26,  32), (   1,   7), (  12,  18), (  28,   1), (  31,   4), (   8,  14), (  19,  25), (   7,  13), (   2,   8), (  20,  26)]
[(   5,  12), (  18,  25), (  31,   5), (  27,   1), (  29,   3), (   9,  16), (  20,  27), (  21,  28), (   8,  15), (  12,  19), (  28,   2), (   7,  14), (   1,   8), (  24,  31), (  14,  21), (  25,  32), (  23,  30), (  15,  22), (  10,  17), (  19,  26), (  32,   6), (  11,  18), (  22,  29), (   6,  13), (  30,   4), (   2,   9), (   3,  10), (  13,  20), (   4,  11), (  16,  23), (  17,  24)]
[(   6,  14), (  13,  21), (  20,  28), (  17,  25), (   7,  15), (  10,  18), (  11,  19), (  16,  24), (   3,  11), (  27,   2), (   5,  13), (  31,   6), (   9,  17), (  28,   3), (  30,   5), (  14,  22), (   2,  10), (  32,   7), (  23,  31), (  24,  32), (   4,  12), (  12,  20), (  18,  26), (  29,   4), (   8,  16), (  22,  30), (  26,   1), (   1,   9), (  15,  23), (  21,  29), (  19,  27)]
[(  31,   7), (  20,  29), (   1,  10), (  23,  32), (  28,   4), (  17,  26), (  14,  23), (  18,  27), (   5,  14), (  13,  22), (   9,  18), (  10,  19), (  15,  24), (  29,   5), (  26,   2), (   6,  15), (  32,   8), (  11,  20), (  21,  30), (   7,  16), (  16,  25), (   8,  17), (   2,  11), (  27,   3), (  22,  31), (  19,  28), (  30,   6), (  12,  21), (   3,  12), (  25,   1), (   4,  13)]
[(  22,  32), (  12,  22), (  25,   2), (  26,   3), (   9,  19), (  27,   4), (   3,  13), (   4,  14), (   7,  17), (  30,   7), (  19,  29), (  18,  28), (  21,  31), (  10,  20), (  13,  23), (  11,  21), (   5,  15), (  28,   5), (  24,   1), (   1,  11), (  20,  30), (   6,  16), (  32,   9), (  31,   8), (  29,   6), (   8,  18), (  15,  25), (  16,  26), (  17,  27), (  14,  24), (   2,  12)]
[(  13,  24), (   6,  17), (  21,  32), (  28,   6), (  10,  21), (  11,  22), (  31,   9), (   1,  12), (  12,  23), (  25,   3), (  15,  26), (  26,   4), (  18,  29), (  23,   1), (  17,  28), (  20,  31), (  16,  27), (  24,   2), (  27,   5), (   2,  13), (  29,   7), (  14,  25), (  19,  30), (   5,  16), (   9,  20), (  32,  10), (   7,  18), (  30,   8), (   8,  19), (   4,  15), (   3,  14)]
[(  18,  30), (  16,  28), (  11,  23), (  19,  31), (   1,  13), (   8,  20), (   4,  16), (  26,   5), (  22,   1), (  17,  29), (  31,  10), (  29,   8), (  27,   6), (  30,   9), (   7,  19), (  28,   7), (  24,   3), (   9,  21), (  14,  26), (  25,   4), (  15,  27), (   3,  15), (   5,  17), (   2,  14), (  12,  24), (  13,  25), (  32,  11), (  23,   2), (  20,  32), (  10,  22), (   6,  18)]
[(  15,  28), (   1,  14), (   9,  22), (   2,  15), (  14,  27), (  12,  25), (  25,   5), (  23,   3), (  18,  31), (   5,  18), (   8,  21), (  11,  24), (  10,  23), (   4,  17), (  32,  12), (  13,  26), (   6,  19), (  16,  29), (  29,   9), (  17,  30), (  31,  11), (  30,  10), (   3,  16), (  21,   1), (  19,  32), (   7,  20), (  22,   2), (  24,   4), (  26,   6), (  27,   7), (  28,   8)]
[(  27,   8), (  26,   7), (  16,  30), (   8,  22), (  31,  12), (   1,  15), (  10,  24), (   6,  20), (  32,  13), (  20,   1), (  25,   6), (   2,  16), (  22,   3), (   7,  21), (  11,  25), (   4,  18), (  28,   9), (  23,   4), (  18,  32), (  15,  29), (  14,  28), (   5,  19), (  13,  27), (  30,  11), (   3,  17), (  24,   5), (   9,  23), (  17,  31), (  21,   2), (  12,  26), (  29,  10)]
[(  10,  25), (   9,  24), (  26,   8), (  29,  11), (  20,   2), (  32,  14), (  30,  12), (   2,  17), (  24,   6), (  16,  31), (  22,   4), (  21,   3), (  11,  26), (  12,  27), (  27,   9), (   8,  23), (   7,  22), (  31,  13), (  25,   7), (  28,  10), (  19,   1), (  13,  28), (   6,  21), (  17,  32), (  23,   5), (  14,  29), (   4,  19), (   3,  18), (   1,  16), (   5,  20), (  15,  30)]
[(   3,  19), (  15,  31), (  24,   7), (  14,  30), (  16,  32), (  30,  13), (  18,   1), (  13,  29), (   4,  20), (   8,  24), (   1,  17), (  22,   5), (  19,   2), (  25,   8), (  20,   3), (  27,  10), (  29,  12), (  10,  26), (  12,  28), (   6,  22), (   2,  18), (  21,   4), (  31,  14), (  26,   9), (  11,  27), (  23,   6), (   5,  21), (  32,  15), (   9,  25), (  28,  11), (   7,  23)]