[(   1,   2), (   2,   3), (   3,   4), (   4,   5), (   5,   6), (   6,   7), (   7,   8), (   8,   9), (   9,  10), (  10,  11), (  11,  12), (  12,  13), (  13,  14), (  14,  15), (  15,  16), (  16,  17), (  17,  18), (  18,  19), (  19,  20), (  20,  21), (  21,  22), (  22,  23), (  23,  24), (  24,  25), (  25,  26), (  26,  27), (  27,  28), (  28,  29), (  29,  30), (  30,  31), (  31,  32)]
[(  15,  17), (   7,   9), (  22,  24), (  13,  15), (  14,  16), (  21,  23), (  25,  27), (  23,  25), (   3,   5), (  27,  29), (  19,  21), (  26,  28), (   1,   3), (  29,  31), (  20,  22), (  32,   1), (  11,  13), (   2,   4), (  30,  32), (   5,   7), (  12,  14), (   4,   6), (  28,  30), (   8,  10), (   6,   8), (  10,  12), (  17,  19), (  18,  20), (   9,  11), (  24,  26), (  16,  18)]
[(  25,  28), (  19,  22), (  20,  23), (  21,  24), (  32,   2), (  13,  16), (  28,  31), (  14,  17), (  22,  25), (  23,  26), (   6,   9), (   1,   4), (  27,  30), (  18,  21), (   4,   7), (  15,  18), (  26,  29), (  12,  15), (   3,   6), (  29,  32), (  24,  27), (   7,  10), (   8,  11), (  16,  19), (   2,   5), (  17,  20), (  31,   1), (   9,  12), (  10,  13), (  11,  14), (   5,   8)]
[(  16,  20), (  10,  14), (   5,   9), (  23,  27), (  17,  21), (   1,   5), (  18,  22), (   3,   7), (   4,   8), (  15,  19), (  20,  24), (   2,   6), (  22,  26), (  32,   3), (  21,  25), (  31,   2), (   8,  12), (  30,   1), (   7,  11), (  27,  31), (   9,  13), (  14,  18), (  25,  29), (  26,  30), (  11,  15), (  28,  32), (  12,  16), (   6,  10), (  24,  28), (  19,  23), (  13,  17)]
[(   7,  12), (  13,  18), (  26,  31), (  30,   2), (   4,   9), (   9,  14), (  12,  17), (   5,  10), (  11,  16), (   1,   6), (  22,  27), (   3,   8), (  10,  15), (   8,  13), (  29,   1), (  14,  19), (  32,   4), (  20,  25), (  18,  23), (  25,  30), (   6,  11), (  27,  32), (  17,  22), (  23,  28), (  16,  21), (  19,  24), (  24,  29), (  31,   3), (   2,   7), (  15,  20), (  21,  26)]
[(  32,   5), (  25,  31), (  12,  18), (  16,  22), (  23,  29), (  29,   2), (  20,  26), (  18,  24), (  24,  30), (  22,  28), (   1,   7), (  21,  27), (  19,  25), (  10,  16), (  13,  19), (  30,   3), (  14,  20), (  17,  23), (   8,  14), (   6,  12), (  26,  32), (   5,  11), (   3,   9), (   9,  15), (   7,  13), (  31,   4), (   4,  10), (  11,  17), (  15,  21), (   2,   8), (  28,   1)]
[(   4,  11), (   1,   8), (  32,   6), (   3,  10), (  15,  22), (  10,  17), (   6,  13), (  28,   2), (  19,  26), (  14,  21), (  30,   4), (  18,  25), (   5,  12), (  17,  24), (  24,  31), (  13,  20), (   2,   9), (   9,  16), (  21,  28), (   8,  15), (  29,   3), (  12,  19), (   7,  14), (  31,   5), (  20,  27), (  16,  23), (  11,  18), (  23,  30), (  27,   1), (  25,  32), (  22,  29)]
[(  19,  27), (  21,  29), (   7,  15), (  17,  25), (   3,  11), (  24,  32), (  15,  23), (  12,  20), (  27,   2), (   5,  13), (  23,  31), (  11,  19), (  16,  24), (  26,   1), (  30,   5), (  29,   4), (  28,   3), (  32,   7), (   9,  17), (  14,  22), (   2,  10), (  20,  28), (  31,   6), (  13,  21), (  10,  18), (   1,   9), (  22,  30), (   8,  16), (  18,  26), (   4,  12), (   6,  14)]
[(  22,  31), (  23,  32), (  16,  25), (  31,   7), (  18,  27), (  19,  28), (  29,   5), (  21,  30), (  20,  29), (   9,  18), (  17,  26), (  14,  23), (  11,  20), (  30,   6), (  32,   8), (  12,  21), (  25,   1), (  27,   3), (  13,  22), (  10,  19), (   7,  16), (  15,  24), (   4,  13), (   3,  12), (  28,   4), (   5,  14), (   6,  15), (  26,   2), (   8,  17), (   1,  10), (   2,  11)]
[(  13,  23), (  17,  27), (  11,  21), (   1,  11), (  24,   1), (  15,  25), (   4,  14), (  29,   6), (   7,  17), (  30,   7), (   5,  15), (  20,  30), (  31,   8), (   9,  19), (   2,  12), (  28,   5), (  21,  31), (  14,  24), (  25,   2), (   3,  13), (  18,  28), (  26,   3), (  16,  26), (  27,   4), (  19,  29), (   8,  18), (  32,   9), (  22,  32), (  12,  22), (   6,  16), (  10,  20)]
[(   3,  14), (   4,  15), (  17,  28), (   9,  20), (  20,  31), (  26,   4), (  32,  10), (  15,  26), (  12,  23), (  25,   3), (  14,  25), (  31,   9), (  21,  32), (  27,   5), (   6,  17), (  11,  22), (  16,  27), (  28,   6), (   1,  12), (  24,   2), (   8,  19), (  30,   8), (  10,  21), (   7,  18), (  23,   1), (  29,   7), (   2,  13), (  13,  24), (   5,  16), (  18,  29), (  19,  30)]
[(  18,  30), (  12,  24), (   2,  14), (   6,  18), (   7,  19), (   8,  20), (  30,   9), (  22,   1), (   1,  13), (   4,  16), (  29,   8), (   5,  17), (  28,   7), (  23,   2), (  11,  23), (  27,   6), (  10,  22), (  31,  10), (  26,   5), (  16,  28), (  25,   4), (  17,  29), (  20,  32), (  32,  11), (  24,   3), (  13,  25), (  14,  26), (  15,  27), (  19,  31), (   9,  21), (   3,  15)]
[(   8,  21), (  26,   6), (  30,  10), (  19,  32), (  28,   8), (  18,  31), (  11,  24), (  31,  11), (  15,  28), (  32,  12), (   3,  16), (  16,  29), (  29,   9), (   7,  20), (  14,  27), (  10,  23), (   6,  19), (  13,  26), (  24,   4), (   4,  17), (  17,  30), (  21,   1), (   5,  18), (  22,   2), (   9,  22), (   2,  15), (  25,   5), (   1,  14), (  23,   3), (  27,   7), (  12,  25)]
[(  29,  10), (  16,  30), (  27,   8), (  14,  28), (  12,  26), (  22,   3), (  21,   2), (  13,  27), (  18,  32), (  17,  31), (  32,  13), (  10,  24), (   4,  18), (  11,  25), (  28,   9), (  26,   7), (  24,   5), (   8,  22), (  15,  29), (   9,  23), (  20,   1), (   2,  16), (   1,  15), (   6,  20), (  31,  12), (  30,  11), (   7,  21), (   5,  19), (  25,   6), (   3,  17), (  23,   4)]
[(  24,   6), (   5,  20), (  19,   1), (  26,   8), (  10,  25), (  30,  12), (   1,  16), (   4,  19), (   6,  21), (  20,   2), (  28,  10), (   7,  22), (   2,  17), (  22,   4), (   3,  18), (   9,  24), (  15,  30), (  29,  11), (  16,  31), (  11,  26), (  23,   5), (  31,  13), (  12,  27), (  14,  29), (  17,  32), (  21,   3), (   8,  23), (  25,   7), (  32,  14), (  13,  28), (  27,   9)]
[(  26,   9), (  28,  11), (  13,  29), (  29,  12), (  30,  13), (  11,  27), (   3,  19), (  16,  32), (  31,  14), (   8,  24), (   2,  18), (  32,  15), (  23,   6), (  12,  28), (  10,  26), (  25,   8), (   7,  23), (   5,  21), (  27,  10), (  18,   1), (  15,  31), (   9,  25), (  19,   2), (   1,  17), (  14,  30), (   6,  22), (  20,   3), (  21,   4), (   4,  20), (  22,   5), (  24,   7)]