[(   1,   2), (   2,   3), (   3,   4), (   4,   5), (   5,   6), (   6,   7), (   7,   8), (   8,   9), (   9,  10), (  10,  11), (  11,  12), (  12,  13), (  13,  14), (  14,  15), (  15,  16), (  16,  17), (  17,  18), (  18,  19), (  19,  20), (  20,  21), (  21,  22), (  22,  23), (  23,  24), (  24,  25), (  25,  26), (  26,  27), (  27,  28), (  28,  29), (  29,  30), (  30,  31), (  31,  32)]
[(   5,   7), (  11,  13), (  15,  17), (  13,  15), (  27,  29), (  19,  21), (  30,  32), (   4,   6), (  24,  26), (   3,   5), (  29,  31), (  32,   1), (  10,  12), (   2,   4), (   9,  11), (  26,  28), (  25,  27), (  20,  22), (  22,  24), (  14,  16), (   8,  10), (  16,  18), (  28,  30), (   6,   8), (  12,  14), (  23,  25), (   1,   3), (   7,   9), (  18,  20), (  17,  19), (  21,  23)]
[(  20,  23), (  31,   1), (  29,  32), (  25,  28), (  13,  16), (  17,  20), (  22,  25), (  24,  27), (  27,  30), (  14,  17), (  21,  24), (   4,   7), (   1,   4), (  18,  21), (   2,   5), (   5,   8), (   7,  10), (  28,  31), (  15,  18), (  19,  22), (   3,   6), (  26,  29), (  16,  19), (  11,  14), (  32,   2), (  12,  15), (   6,   9), (   8,  11), (   9,  12), (  23,  26), (  10,  13)]
[(   9,  13), (  23,  27), (  21,  25), (  14,  18), (   7,  11), (  24,  28), (  12,  16), (  28,  32), (   1,   5), (  25,  29), (  19,  23), (  10,  14), (  27,  31), (  20,  24), (   4,   8), (  18,  22), (  32,   3), (  30,   1), (  13,  17), (   5,   9), (  15,  19), (  17,  21), (  22,  26), (  26,  30), (  16,  20), (   3,   7), (  11,  15), (  31,   2), (   6,  10), (   2,   6), (   8,  12)]
[(  14,  19), (  15,  20), (   9,  14), (   2,   7), (  19,  24), (  31,   3), (  26,  31), (  11,  16), (  16,  21), (  22,  27), (   1,   6), (  20,  25), (  24,  29), (  27,  32), (  17,  22), (  29,   1), (  21,  26), (  12,  17), (   4,   9), (  32,   4), (  13,  18), (  25,  30), (   8,  13), (  23,  28), (   5,  10), (   6,  11), (   7,  12), (  18,  23), (   3,   8), (  10,  15), (  30,   2)]
[(  25,  31), (  32,   5), (  12,  18), (   6,  12), (  31,   4), (  26,  32), (  13,  19), (  14,  20), (  22,  28), (  24,  30), (  20,  26), (  17,  23), (  15,  21), (   7,  13), (  18,  24), (  30,   3), (   2,   8), (   8,  14), (  21,  27), (  29,   2), (  11,  17), (   5,  11), (   4,  10), (   9,  15), (   3,   9), (  10,  16), (  23,  29), (  19,  25), (  28,   1), (  16,  22), (   1,   7)]
[(  22,  29), (  17,  24), (  16,  23), (  19,  26), (   8,  15), (   9,  16), (   4,  11), (  23,  30), (  11,  18), (   6,  13), (   3,  10), (  21,  28), (  18,  25), (   5,  12), (  32,   6), (  14,  21), (  12,  19), (   2,   9), (  31,   5), (  10,  17), (  25,  32), (  28,   2), (   7,  14), (  29,   3), (  30,   4), (   1,   8), (  13,  20), (  27,   1), (  24,  31), (  20,  27), (  15,  22)]
[(   4,  12), (   8,  16), (   2,  10), (  23,  31), (  12,  20), (  10,  18), (  27,   2), (  21,  29), (  15,  23), (  18,  26), (   7,  15), (  22,  30), (   3,  11), (   9,  17), (  20,  28), (  32,   7), (  16,  24), (  24,  32), (  28,   3), (  26,   1), (  29,   4), (   6,  14), (  31,   6), (  13,  21), (  19,  27), (  30,   5), (  17,  25), (   5,  13), (  14,  22), (   1,   9), (  11,  19)]
[(  17,  26), (  19,  28), (  22,  31), (   8,  17), (  21,  30), (  29,   5), (   6,  15), (  10,  19), (   3,  12), (  28,   4), (  18,  27), (   9,  18), (  30,   6), (  16,  25), (  25,   1), (   2,  11), (  14,  23), (  27,   3), (   1,  10), (  31,   7), (  26,   2), (   4,  13), (  11,  20), (   7,  16), (  15,  24), (  13,  22), (   5,  14), (  12,  21), (  23,  32), (  32,   8), (  20,  29)]
[(   8,  18), (  12,  22), (   1,  11), (  24,   1), (  26,   3), (  27,   4), (  14,  24), (   3,  13), (  25,   2), (   2,  12), (  28,   5), (  31,   8), (   9,  19), (  29,   6), (  21,  31), (  15,  25), (   5,  15), (   6,  16), (  30,   7), (  13,  23), (  20,  30), (  10,  20), (  32,   9), (  17,  27), (  11,  21), (  19,  29), (  22,  32), (  16,  26), (   7,  17), (   4,  14), (  18,  28)]
[(  32,  10), (  26,   4), (  19,  30), (  21,  32), (  14,  25), (  11,  22), (  10,  21), (   7,  18), (   6,  17), (  20,  31), (   2,  13), (  15,  26), (  17,  28), (  23,   1), (  29,   7), (   9,  20), (  28,   6), (   4,  15), (  12,  23), (  30,   8), (  27,   5), (  31,   9), (  25,   3), (   1,  12), (  18,  29), (  24,   2), (   8,  19), (   3,  14), (  16,  27), (  13,  24), (   5,  16)]
[(  24,   3), (   6,  18), (  26,   5), (  10,  22), (  23,   2), (   2,  14), (  17,  29), (  22,   1), (  29,   8), (   7,  19), (   4,  16), (  27,   6), (   8,  20), (  19,  31), (  14,  26), (  12,  24), (  30,   9), (  11,  23), (  32,  11), (  15,  27), (  16,  28), (   3,  15), (   5,  17), (  31,  10), (   1,  13), (   9,  21), (  18,  30), (  20,  32), (  13,  25), (  28,   7), (  25,   4)]
[(  15,  28), (  29,   9), (  27,   7), (  16,  29), (   9,  22), (  12,  25), (  23,   3), (  25,   5), (   7,  20), (   8,  21), (  17,  30), (   3,  16), (  22,   2), (  30,  10), (  10,  23), (   6,  19), (  31,  11), (  13,  26), (  26,   6), (  11,  24), (   1,  14), (  32,  12), (  21,   1), (  19,  32), (  28,   8), (  18,  31), (  24,   4), (   4,  17), (   2,  15), (   5,  18), (  14,  27)]
[(  16,  30), (   7,  21), (   6,  20), (  30,  11), (  18,  32), (   1,  15), (  28,   9), (  12,  26), (  32,  13), (   9,  23), (   8,  22), (  24,   5), (  26,   7), (  22,   3), (  13,  27), (  23,   4), (  20,   1), (  29,  10), (   2,  16), (  25,   6), (  31,  12), (  27,   8), (  15,  29), (   4,  18), (  17,  31), (  14,  28), (  21,   2), (  10,  24), (   5,  19), (  11,  25), (   3,  17)]
[(   6,  21), (  10,  25), (  13,  28), (  27,   9), (  28,  10), (   8,  23), (   5,  20), (   2,  17), (   4,  19), (   1,  16), (  32,  14), (  29,  11), (  23,   5), (  26,   8), (  30,  12), (  31,  13), (  22,   4), (  25,   7), (  14,  29), (   3,  18), (   9,  24), (  19,   1), (  12,  27), (  20,   2), (   7,  22), (  17,  32), (  16,  31), (  15,  30), (  11,  26), (  21,   3), (  24,   6)]
[(  11,  27), (  14,  30), (   8,  24), (  20,   3), (   1,  17), (  30,  13), (  18,   1), (  15,  31), (  31,  14), (  32,  15), (   9,  25), (  19,   2), (  16,  32), (  28,  11), (   3,  19), (  27,  10), (  13,  29), (   5,  21), (  25,   8), (  12,  28), (   7,  23), (  24,   7), (   2,  18), (  22,   5), (  23,   6), (   4,  20), (  10,  26), (   6,  22), (  21,   4), (  29,  12), (  26,   9)]