[(   1,   2), (   2,   3), (   3,   4), (   4,   5), (   5,   6), (   6,   7), (   7,   8), (   8,   9), (   9,  10), (  10,  11), (  11,  12), (  12,  13), (  13,  14), (  14,  15), (  15,  16), (  16,  17), (  17,  18), (  18,  19), (  19,  20), (  20,  21), (  21,  22), (  22,  23), (  23,  24), (  24,  25), (  25,  26), (  26,  27), (  27,  28), (  28,  29), (  29,  30), (  30,  31), (  31,  32)]
[(  20,  22), (  14,  16), (   9,  11), (  29,  31), (   7,   9), (  10,  12), (  25,  27), (   3,   5), (   5,   7), (  13,  15), (   1,   3), (  16,  18), (   8,  10), (  19,  21), (   4,   6), (  32,   1), (  27,  29), (  12,  14), (  23,  25), (  15,  17), (  30,  32), (  18,  20), (  26,  28), (  28,  30), (   6,   8), (  21,  23), (  24,  26), (   2,   4), (  22,  24), (  17,  19), (  11,  13)]
[(   9,  12), (   7,  10), (  17,  20), (  24,  27), (  25,  28), (  29,  32), (  14,  17), (  22,  25), (  12,  15), (  26,  29), (  19,  22), (  28,  31), (   3,   6), (  31,   1), (  10,  13), (  15,  18), (  20,  23), (  32,   2), (  27,  30), (   2,   5), (  11,  14), (   4,   7), (  18,  21), (   8,  11), (  16,  19), (   1,   4), (   5,   8), (   6,   9), (  13,  16), (  23,  26), (  21,  24)]
[(  26,  30), (  17,  21), (  27,  31), (  22,  26), (  30,   1), (  14,  18), (  11,  15), (  24,  28), (  13,  17), (  19,  23), (  21,  25), (   6,  10), (  25,  29), (   9,  13), (  28,  32), (  31,   2), (   1,   5), (  20,  24), (   4,   8), (  23,  27), (   8,  12), (  10,  14), (  16,  20), (   5,   9), (  18,  22), (  15,  19), (  32,   3), (   7,  11), (   2,   6), (  12,  16), (   3,   7)]
[(  23,  28), (   4,   9), (  25,  30), (  12,  17), (  18,  23), (  19,  24), (  31,   3), (  13,  18), (  29,   1), (  20,  25), (  27,  32), (   2,   7), (  17,  22), (   6,  11), (  21,  26), (  14,  19), (   7,  12), (  22,  27), (  11,  16), (  26,  31), (   1,   6), (   8,  13), (  32,   4), (  15,  20), (  30,   2), (   9,  14), (  10,  15), (  16,  21), (   3,   8), (  24,  29), (   5,  10)]
[(  19,  25), (  28,   1), (  22,  28), (   9,  15), (   4,  10), (  17,  23), (  26,  32), (  31,   4), (  21,  27), (   3,   9), (   7,  13), (  11,  17), (  15,  21), (   2,   8), (  14,  20), (  30,   3), (  13,  19), (  25,  31), (  12,  18), (  16,  22), (  20,  26), (  24,  30), (   6,  12), (  29,   2), (   1,   7), (  10,  16), (  23,  29), (  18,  24), (   5,  11), (  32,   5), (   8,  14)]
[(   4,  11), (  18,  25), (  32,   6), (   1,   8), (  15,  22), (  21,  28), (  23,  30), (  12,  19), (  19,  26), (  30,   4), (   9,  16), (  20,  27), (  31,   5), (  16,  23), (  24,  31), (  13,  20), (   2,   9), (  10,  17), (  28,   2), (   6,  13), (  17,  24), (  29,   3), (   7,  14), (  14,  21), (   3,  10), (   5,  12), (  11,  18), (  25,  32), (  27,   1), (   8,  15), (  22,  29)]
[(   5,  13), (  22,  30), (  16,  24), (   6,  14), (  13,  21), (  27,   2), (   4,  12), (   7,  15), (   8,  16), (  32,   7), (   2,  10), (  15,  23), (  11,  19), (  30,   5), (   1,   9), (  29,   4), (  24,  32), (  28,   3), (  14,  22), (  10,  18), (  23,  31), (  26,   1), (  17,  25), (  18,  26), (  21,  29), (  31,   6), (  12,  20), (  19,  27), (   9,  17), (   3,  11), (  20,  28)]
[(  15,  24), (  11,  20), (  14,  23), (  21,  30), (   8,  17), (  22,  31), (  19,  28), (  26,   2), (  30,   6), (  18,  27), (  20,  29), (  25,   1), (  23,  32), (  17,  26), (  29,   5), (  12,  21), (  28,   4), (   7,  16), (   1,  10), (  32,   8), (   4,  13), (   6,  15), (  27,   3), (  31,   7), (   5,  14), (   2,  11), (  16,  25), (   3,  12), (  10,  19), (  13,  22), (   9,  18)]
[(   7,  17), (  29,   6), (   2,  12), (  10,  20), (  19,  29), (   3,  13), (   6,  16), (  11,  21), (  22,  32), (  31,   8), (  14,  24), (  26,   3), (  24,   1), (  18,  28), (   8,  18), (  28,   5), (  15,  25), (   5,  15), (  32,   9), (  30,   7), (   9,  19), (  25,   2), (   1,  11), (  12,  22), (  17,  27), (  20,  30), (   4,  14), (  13,  23), (  21,  31), (  27,   4), (  16,  26)]
[(  32,  10), (  15,  26), (  10,  21), (   2,  13), (  24,   2), (   4,  15), (  13,  24), (  16,  27), (  14,  25), (   5,  16), (  28,   6), (  21,  32), (  26,   4), (  25,   3), (  19,  30), (  11,  22), (   3,  14), (  30,   8), (  29,   7), (   1,  12), (  27,   5), (  17,  28), (   8,  19), (   6,  17), (   9,  20), (  18,  29), (  31,   9), (  20,  31), (  12,  23), (   7,  18), (  23,   1)]
[(   6,  18), (  19,  31), (   7,  19), (  16,  28), (  32,  11), (   8,  20), (  10,  22), (  17,  29), (  24,   3), (  12,  24), (  26,   5), (  29,   8), (  18,  30), (  20,  32), (  23,   2), (  27,   6), (  31,  10), (   1,  13), (   3,  15), (  25,   4), (  28,   7), (   9,  21), (  30,   9), (   4,  16), (  11,  23), (  13,  25), (  22,   1), (   5,  17), (  14,  26), (   2,  14), (  15,  27)]
[(  16,  29), (  32,  12), (   5,  18), (  19,  32), (  14,  27), (  25,   5), (  29,   9), (  30,  10), (  18,  31), (  22,   2), (  17,  30), (   9,  22), (   7,  20), (  27,   7), (  12,  25), (  10,  23), (   8,  21), (  26,   6), (  13,  26), (  11,  24), (   3,  16), (  31,  11), (   2,  15), (  23,   3), (  24,   4), (  28,   8), (   6,  19), (   1,  14), (  15,  28), (  21,   1), (   4,  17)]
[(  27,   8), (  13,  27), (   1,  15), (  11,  25), (  12,  26), (  30,  11), (  21,   2), (  20,   1), (  23,   4), (  14,  28), (   4,  18), (  24,   5), (   2,  16), (  10,  24), (   3,  17), (  26,   7), (  16,  30), (   9,  23), (  17,  31), (  28,   9), (  15,  29), (   5,  19), (  29,  10), (  32,  13), (  31,  12), (  22,   3), (   7,  21), (   8,  22), (  18,  32), (   6,  20), (  25,   6)]
[(  21,   3), (  23,   5), (  26,   8), (   3,  18), (  16,  31), (   1,  16), (   5,  20), (  32,  14), (  20,   2), (   6,  21), (   8,  23), (   4,  19), (  27,   9), (  22,   4), (   7,  22), (   9,  24), (  11,  26), (  29,  11), (  24,   6), (  14,  29), (  10,  25), (  12,  27), (  31,  13), (  19,   1), (  13,  28), (  17,  32), (   2,  17), (  15,  30), (  25,   7), (  28,  10), (  30,  12)]
[(  31,  14), (   8,  24), (  13,  29), (   7,  23), (  20,   3), (  26,   9), (  18,   1), (  23,   6), (  28,  11), (   1,  17), (  15,  31), (  14,  30), (  12,  28), (  29,  12), (  11,  27), (  25,   8), (   6,  22), (  21,   4), (   5,  21), (   3,  19), (   2,  18), (  16,  32), (  22,   5), (  27,  10), (  32,  15), (  24,   7), (  30,  13), (  10,  26), (   4,  20), (   9,  25), (  19,   2)]