[(   1,   2), (   2,   3), (   3,   4), (   4,   5), (   5,   6), (   6,   7), (   7,   8), (   8,   9), (   9,  10), (  10,  11), (  11,  12), (  12,  13), (  13,  14), (  14,  15), (  15,  16), (  16,  17), (  17,  18), (  18,  19), (  19,  20), (  20,  21), (  21,  22), (  22,  23), (  23,  24), (  24,  25), (  25,  26), (  26,  27), (  27,  28), (  28,  29), (  29,  30), (  30,  31), (  31,  32)]
[(  26,  28), (   4,   6), (   6,   8), (  28,  30), (   9,  11), (  11,  13), (  10,  12), (   1,   3), (  16,  18), (  14,  16), (  19,  21), (  18,  20), (   8,  10), (   2,   4), (  24,  26), (  32,   1), (   7,   9), (  29,  31), (  23,  25), (  13,  15), (  12,  14), (  17,  19), (  15,  17), (  30,  32), (  21,  23), (  20,  22), (  22,  24), (   3,   5), (  25,  27), (  27,  29), (   5,   7)]
[(  14,  17), (  13,  16), (  20,  23), (  18,  21), (  31,   1), (  19,  22), (   3,   6), (  26,  29), (  21,  24), (   1,   4), (   2,   5), (  25,  28), (  24,  27), (   7,  10), (   8,  11), (  15,  18), (  22,  25), (  23,  26), (   6,   9), (   5,   8), (  28,  31), (  29,  32), (   9,  12), (   4,   7), (  27,  30), (  11,  14), (  32,   2), (  12,  15), (  10,  13), (  17,  20), (  16,  19)]
[(  27,  31), (  14,  18), (  11,  15), (  23,  27), (  25,  29), (  26,  30), (   9,  13), (  19,  23), (  28,  32), (  13,  17), (  22,  26), (   5,   9), (  32,   3), (  21,  25), (  17,  21), (  31,   2), (  12,  16), (   8,  12), (  30,   1), (  24,  28), (   7,  11), (  16,  20), (   1,   5), (  10,  14), (  20,  24), (   3,   7), (   4,   8), (   6,  10), (  18,  22), (  15,  19), (   2,   6)]
[(  16,  21), (  27,  32), (   7,  12), (  24,  29), (  23,  28), (  18,  23), (  11,  16), (  30,   2), (   6,  11), (  19,  24), (  25,  30), (  26,  31), (  20,  25), (  29,   1), (  13,  18), (  14,  19), (  15,  20), (  32,   4), (   8,  13), (   2,   7), (   3,   8), (   9,  14), (  22,  27), (  31,   3), (  17,  22), (  10,  15), (   5,  10), (   4,   9), (  21,  26), (   1,   6), (  12,  17)]
[(  32,   5), (  25,  31), (  26,  32), (  11,  17), (  14,  20), (  31,   4), (  22,  28), (   7,  13), (  19,  25), (  12,  18), (  18,  24), (  24,  30), (   6,  12), (  17,  23), (  23,  29), (  30,   3), (   4,  10), (  10,  16), (  21,  27), (   3,   9), (   9,  15), (  15,  21), (   8,  14), (  20,  26), (   5,  11), (  29,   2), (  13,  19), (  16,  22), (   1,   7), (   2,   8), (  28,   1)]
[(  29,   3), (  22,  29), (  28,   2), (   9,  16), (  12,  19), (   8,  15), (  20,  27), (  10,  17), (   7,  14), (  23,  30), (   1,   8), (  32,   6), (  15,  22), (   5,  12), (   2,   9), (  13,  20), (  24,  31), (  21,  28), (  11,  18), (  27,   1), (  25,  32), (   3,  10), (  19,  26), (  16,  23), (   6,  13), (  18,  25), (  14,  21), (  17,  24), (  31,   5), (   4,  11), (  30,   4)]
[(  11,  19), (  15,  23), (  16,  24), (   6,  14), (  18,  26), (  20,  28), (  24,  32), (  12,  20), (  23,  31), (  21,  29), (  32,   7), (   8,  16), (  30,   5), (   3,  11), (  31,   6), (  29,   4), (  27,   2), (  22,  30), (  28,   3), (  17,  25), (  26,   1), (   4,  12), (   2,  10), (  13,  21), (   1,   9), (   5,  13), (   7,  15), (  19,  27), (   9,  17), (  10,  18), (  14,  22)]
[(   4,  13), (  11,  20), (   9,  18), (   1,  10), (  32,   8), (  16,  25), (  17,  26), (  22,  31), (   3,  12), (  27,   3), (   6,  15), (  14,  23), (  26,   2), (  19,  28), (  28,   4), (  12,  21), (  29,   5), (   5,  14), (  31,   7), (  10,  19), (  18,  27), (  30,   6), (  21,  30), (   2,  11), (   7,  16), (   8,  17), (  25,   1), (  23,  32), (  15,  24), (  13,  22), (  20,  29)]
[(  15,  25), (   7,  17), (  21,  31), (   3,  13), (  17,  27), (  32,   9), (  19,  29), (  14,  24), (   5,  15), (  25,   2), (  13,  23), (  27,   4), (  11,  21), (  22,  32), (  30,   7), (  28,   5), (  26,   3), (   1,  11), (  12,  22), (  29,   6), (  10,  20), (  31,   8), (  18,  28), (   9,  19), (   4,  14), (  24,   1), (   6,  16), (  20,  30), (   2,  12), (  16,  26), (   8,  18)]
[(   7,  18), (  30,   8), (  19,  30), (   8,  19), (  13,  24), (   1,  12), (  23,   1), (   4,  15), (  26,   4), (  31,   9), (  16,  27), (  10,  21), (  17,  28), (  20,  31), (  27,   5), (  11,  22), (  28,   6), (   2,  13), (   5,  16), (  12,  23), (   6,  17), (  24,   2), (  29,   7), (  18,  29), (  32,  10), (  21,  32), (   9,  20), (  14,  25), (   3,  14), (  25,   3), (  15,  26)]
[(   8,  20), (  12,  24), (  17,  29), (  20,  32), (   3,  15), (  24,   3), (  25,   4), (  16,  28), (  22,   1), (  28,   7), (  31,  10), (   7,  19), (  19,  31), (   6,  18), (  10,  22), (  27,   6), (  11,  23), (  15,  27), (   2,  14), (  14,  26), (  23,   2), (  26,   5), (  32,  11), (   5,  17), (  29,   8), (  30,   9), (  18,  30), (   1,  13), (   4,  16), (   9,  21), (  13,  25)]
[(   9,  22), (  21,   1), (   1,  14), (  22,   2), (  30,  10), (  14,  27), (   5,  18), (  25,   5), (  17,  30), (  26,   6), (   4,  17), (   2,  15), (  29,   9), (  13,  26), (  12,  25), (  10,  23), (   8,  21), (   7,  20), (  24,   4), (  18,  31), (  16,  29), (  27,   7), (   3,  16), (  28,   8), (  15,  28), (   6,  19), (  23,   3), (  31,  11), (  19,  32), (  32,  12), (  11,  24)]
[(  10,  24), (   5,  19), (  13,  27), (  12,  26), (   2,  16), (  29,  10), (  21,   2), (  18,  32), (  27,   8), (   8,  22), (  28,   9), (  22,   3), (   4,  18), (  16,  30), (  20,   1), (  26,   7), (  32,  13), (   3,  17), (  15,  29), (  30,  11), (  24,   5), (  11,  25), (  25,   6), (   1,  15), (  31,  12), (  23,   4), (  17,  31), (   7,  21), (   6,  20), (  14,  28), (   9,  23)]
[(  30,  12), (  28,  10), (  10,  25), (  25,   7), (   7,  22), (   2,  17), (  15,  30), (   6,  21), (  20,   2), (   5,  20), (  14,  29), (  29,  11), (   1,  16), (  27,   9), (  32,  14), (   9,  24), (  19,   1), (  24,   6), (  17,  32), (  22,   4), (   4,  19), (  13,  28), (  31,  13), (  12,  27), (   3,  18), (  16,  31), (  11,  26), (  26,   8), (   8,  23), (  23,   5), (  21,   3)]
[(  23,   6), (  26,   9), (  22,   5), (  15,  31), (  21,   4), (   5,  21), (  31,  14), (  11,  27), (  13,  29), (  32,  15), (  20,   3), (   1,  17), (   7,  23), (   8,  24), (   3,  19), (  25,   8), (  14,  30), (   9,  25), (  10,  26), (  16,  32), (  30,  13), (  18,   1), (   4,  20), (   6,  22), (  19,   2), (  12,  28), (  29,  12), (   2,  18), (  28,  11), (  24,   7), (  27,  10)]