[(   1,   2), (   2,   3), (   3,   4), (   4,   5), (   5,   6), (   6,   7), (   7,   8), (   8,   9), (   9,  10), (  10,  11), (  11,  12), (  12,  13), (  13,  14), (  14,  15), (  15,  16), (  16,  17), (  17,  18), (  18,  19), (  19,  20), (  20,  21), (  21,  22), (  22,  23), (  23,  24), (  24,  25), (  25,  26), (  26,  27), (  27,  28)]
[(   6,   8), (  19,  21), (  18,  20), (  22,  24), (  26,  28), (  15,  17), (  11,  13), (   1,   3), (  21,  23), (   7,   9), (   5,   7), (  14,  16), (  25,  27), (   2,   4), (  28,   1), (  13,  15), (  20,  22), (  10,  12), (  12,  14), (   9,  11), (  24,  26), (   3,   5), (  17,  19), (   8,  10), (   4,   6), (  16,  18), (  23,  25)]
[(   9,  12), (  24,  27), (  27,   1), (  15,  18), (  19,  22), (   8,  11), (   2,   5), (  16,  19), (  17,  20), (  25,  28), (  22,  25), (  21,  24), (  23,  26), (   6,   9), (  11,  14), (   5,   8), (   1,   4), (   3,   6), (  13,  16), (  14,  17), (   7,  10), (  28,   2), (   4,   7), (  20,  23), (  18,  21), (  12,  15), (  10,  13)]
[(  21,  25), (   5,   9), (  13,  17), (   7,  11), (   8,  12), (   1,   5), (  26,   1), (  22,  26), (  18,  22), (  14,  18), (  10,  14), (   6,  10), (   2,   6), (  20,  24), (  27,   2), (  19,  23), (  15,  19), (  23,  27), (  11,  15), (   4,   8), (  28,   3), (  16,  20), (  12,  16), (   3,   7), (   9,  13), (  24,  28), (  17,  21)]
[(  19,  24), (  20,  25), (   9,  14), (  12,  17), (  11,  16), (  23,  28), (  18,  23), (  13,  18), (   8,  13), (   3,   8), (  27,   3), (  22,  27), (  17,  22), (  16,  21), (   4,   9), (   2,   7), (  26,   2), (  15,  20), (  25,   1), (  10,  15), (   6,  11), (  14,  19), (  21,  26), (  28,   4), (   7,  12), (   5,  10), (   1,   6)]
[(  17,  23), (   7,  13), (   5,  11), (  20,  26), (  24,   1), (  16,  22), (  10,  16), (   4,  10), (  27,   4), (  21,  27), (  15,  21), (   9,  15), (   3,   9), (  28,   5), (  18,  24), (  14,  20), (   8,  14), (   1,   7), (  26,   3), (  22,  28), (  13,  19), (   6,  12), (  25,   2), (  11,  17), (   2,   8), (  19,  25), (  12,  18)]
[(   7,  14), (  15,  22), (  21,  28), (   1,   8), (  14,  21), (  13,  20), (  20,  27), (  27,   5), (   5,  12), (  12,  19), (  19,  26), (  26,   4), (   4,  11), (  18,  25), (  10,  17), (  25,   3), (   3,  10), (  17,  24), (  28,   6), (  23,   1), (   2,   9), (   8,  15), (  11,  18), (   9,  16), (  16,  23), (   6,  13), (  24,   2)]
[(  26,   5), (   4,  12), (   7,  15), (   2,  10), (  15,  23), (  19,  27), (   6,  14), (  17,  25), (  24,   3), (  22,   1), (   1,   9), (  23,   2), (   8,  16), (  11,  19), (  13,  21), (  27,   6), (  28,   7), (  25,   4), (  10,  18), (  16,  24), (  12,  20), (  18,  26), (   5,  13), (  14,  22), (  20,  28), (   9,  17), (   3,  11)]
[(  11,  20), (  14,  23), (  22,   2), (  16,  25), (   9,  18), (  24,   4), (  15,  24), (   6,  15), (  26,   6), (  17,  26), (   8,  17), (  28,   8), (  19,  28), (   3,  12), (  23,   3), (  21,   1), (  12,  21), (  13,  22), (  27,   7), (  25,   5), (   5,  14), (   4,  13), (   1,  10), (  18,  27), (  10,  19), (   2,  11), (   7,  16)]
[(  18,  28), (   8,  18), (  16,  26), (   9,  19), (   3,  13), (   2,  12), (  22,   3), (  14,  24), (   1,  11), (  13,  23), (  23,   4), (   7,  17), (  10,  20), (  17,  27), (  25,   6), (  12,  22), (   6,  16), (  28,   9), (  21,   2), (  26,   7), (  15,  25), (  11,  21), (  27,   8), (   5,  15), (  24,   5), (  20,   1), (   4,  14)]
[(   4,  15), (   6,  17), (  12,  23), (  21,   3), (  25,   7), (  10,  21), (  17,  28), (  20,   2), (  14,  25), (  24,   6), (  13,  24), (  19,   1), (   7,  18), (  26,   8), (   8,  19), (  28,  10), (  23,   5), (   5,  16), (  22,   4), (   2,  13), (  16,  27), (  27,   9), (   9,  20), (   1,  12), (  11,  22), (   3,  14), (  15,  26)]
[(  10,  22), (  28,  11), (  25,   8), (  23,   6), (  27,  10), (  14,  26), (   9,  21), (  11,  23), (   7,  19), (   4,  16), (  16,  28), (  20,   3), (  12,  24), (   1,  13), (  22,   5), (  26,   9), (  13,  25), (   2,  14), (   5,  17), (   6,  18), (  18,   1), (  24,   7), (   3,  15), (  19,   2), (  15,  27), (  21,   4), (   8,  20)]
[(   3,  16), (  26,  10), (   6,  19), (  14,  27), (  20,   4), (  25,   9), (  12,  25), (  28,  12), (  15,  28), (   2,  15), (  18,   2), (   5,  18), (  21,   5), (  10,  23), (   7,  20), (  11,  24), (  27,  11), (   8,  21), (  24,   8), (  19,   3), (   4,  17), (  17,   1), (  22,   6), (  13,  26), (   1,  14), (  23,   7), (   9,  22)]
[(  13,  27), (  16,   1), (  10,  24), (  28,  13), (  17,   2), (  18,   3), (  19,   4), (   7,  21), (   2,  16), (  20,   5), (   6,  20), (  11,  25), (   1,  15), (  22,   7), (  12,  26), (   4,  18), (  24,   9), (  26,  11), (   9,  23), (  27,  12), (  23,   8), (  25,  10), (  14,  28), (  21,   6), (   3,  17), (   8,  22), (   5,  19)]