[(   1,   2), (   2,   3), (   3,   4), (   4,   5), (   5,   6), (   6,   7), (   7,   8), (   8,   9), (   9,  10), (  10,  11), (  11,  12), (  12,  13), (  13,  14), (  14,  15), (  15,  16), (  16,  17), (  17,  18), (  18,  19), (  19,  20), (  20,  21), (  21,  22), (  22,  23), (  23,  24), (  24,  25), (  25,  26)]
[(  16,  18), (  18,  20), (  23,  25), (   8,  10), (   1,   3), (  24,  26), (  20,  22), (  22,  24), (  21,  23), (  13,  15), (  15,  17), (  19,  21), (  17,  19), (   4,   6), (   3,   5), (   2,   4), (   5,   7), (   6,   8), (  14,  16), (   7,   9), (  12,  14), (  26,   1), (   9,  11), (  10,  12), (  11,  13)]
[(   5,   8), (  16,  19), (  13,  16), (   6,   9), (  14,  17), (  25,   1), (   9,  12), (  23,  26), (   2,   5), (  20,  23), (   4,   7), (  26,   2), (  21,  24), (  19,  22), (   8,  11), (   3,   6), (  10,  13), (  17,  20), (  12,  15), (   1,   4), (   7,  10), (  15,  18), (  22,  25), (  11,  14), (  18,  21)]
[(  11,  15), (  13,  17), (  18,  22), (  25,   2), (  12,  16), (  15,  19), (  19,  23), (  17,  21), (  14,  18), (   2,   6), (  21,  25), (   4,   8), (   7,  11), (   3,   7), (  20,  24), (   1,   5), (  24,   1), (   5,   9), (  22,  26), (   8,  12), (   9,  13), (  16,  20), (   6,  10), (  26,   3), (  10,  14)]
[(  21,  26), (  10,  15), (   1,   6), (  11,  16), (  15,  20), (   4,   9), (   5,  10), (   7,  12), (   6,  11), (   3,   8), (  13,  18), (   9,  14), (  20,  25), (  12,  17), (  17,  22), (  14,  19), (  25,   3), (  24,   2), (   8,  13), (  19,  24), (  26,   4), (   2,   7), (  16,  21), (  18,  23), (  23,   1)]
[(  14,  20), (   1,   7), (  11,  17), (  18,  24), (  23,   2), (  10,  16), (  15,  21), (   5,  11), (  16,  22), (  25,   4), (  20,  26), (  22,   1), (   9,  15), (  26,   5), (  13,  19), (  12,  18), (   8,  14), (   4,  10), (  24,   3), (  17,  23), (  19,  25), (   6,  12), (   2,   8), (   7,  13), (   3,   9)]
[(   3,  10), (   5,  12), (   8,  15), (  19,  26), (  24,   4), (  11,  18), (   4,  11), (  18,  25), (  12,  19), (  14,  21), (   2,   9), (  23,   3), (   1,   8), (  16,  23), (  26,   6), (  13,  20), (   9,  16), (  21,   1), (  25,   5), (   6,  13), (  17,  24), (  10,  17), (   7,  14), (  15,  22), (  22,   2)]
[(   9,  17), (  25,   6), (  24,   5), (  14,  22), (  11,  19), (  13,  21), (  17,  25), (   6,  14), (  20,   1), (  16,  24), (  22,   3), (  10,  18), (  23,   4), (  21,   2), (   4,  12), (  26,   7), (  15,  23), (   7,  15), (   2,  10), (  18,  26), (   3,  11), (   5,  13), (  12,  20), (   1,   9), (   8,  16)]
[(  22,   4), (  14,  23), (  10,  19), (  12,  21), (  13,  22), (   5,  14), (  24,   6), (   4,  13), (  26,   8), (  17,  26), (   1,  10), (   7,  16), (   3,  12), (  11,  20), (  25,   7), (  15,  24), (  20,   2), (  16,  25), (   9,  18), (   2,  11), (  23,   5), (  21,   3), (  19,   1), (   8,  17), (   6,  15)]
[(  23,   6), (  21,   4), (   2,  12), (  13,  23), (  26,   9), (  20,   3), (  16,  26), (  10,  20), (  24,   7), (   9,  19), (  14,  24), (  15,  25), (  22,   5), (   8,  18), (  18,   1), (  25,   8), (  11,  21), (  12,  22), (   1,  11), (   5,  15), (   6,  16), (   4,  14), (   3,  13), (  19,   2), (   7,  17)]
[(  13,  24), (  24,   8), (   9,  20), (  17,   1), (   7,  18), (  12,  23), (   2,  13), (  19,   3), (   4,  15), (   1,  12), (   5,  16), (   6,  17), (  26,  10), (  25,   9), (  10,  21), (  11,  22), (  22,   6), (   3,  14), (  23,   7), (  14,  25), (  18,   2), (   8,  19), (  15,  26), (  21,   5), (  20,   4)]
[(   7,  19), (  26,  11), (  14,  26), (   3,  15), (  25,  10), (  17,   2), (  18,   3), (  16,   1), (  13,  25), (  22,   7), (  23,   8), (  20,   5), (   6,  18), (   1,  13), (   2,  14), (   9,  21), (  19,   4), (  11,  23), (  21,   6), (  10,  22), (   8,  20), (  24,   9), (   5,  17), (   4,  16), (  12,  24)]
[(  12,  25), (   9,  22), (  21,   7), (   7,  20), (   8,  21), (  22,   8), (   1,  14), (   2,  15), (  17,   3), (   5,  18), (   6,  19), (  11,  24), (  16,   2), (  24,  10), (  23,   9), (  10,  23), (  26,  12), (  13,  26), (   4,  17), (   3,  16), (  15,   1), (  25,  11), (  18,   4), (  20,   6), (  19,   5)]