[(   1,   2), (   2,   3), (   3,   4), (   4,   5), (   5,   6), (   6,   7), (   7,   8), (   8,   9), (   9,  10), (  10,  11), (  11,  12), (  12,  13), (  13,  14), (  14,  15), (  15,  16), (  16,  17), (  17,  18), (  18,  19), (  19,  20), (  20,  21), (  21,  22), (  22,  23), (  23,  24), (  24,  25), (  25,  26)]
[(   5,   7), (   9,  11), (  20,  22), (  26,   1), (  24,  26), (  10,  12), (  11,  13), (   3,   5), (  12,  14), (  14,  16), (   6,   8), (  19,  21), (   8,  10), (  18,  20), (   7,   9), (  22,  24), (   1,   3), (   4,   6), (  23,  25), (  15,  17), (   2,   4), (  17,  19), (  16,  18), (  13,  15), (  21,  23)]
[(   6,   9), (  23,  26), (  13,  16), (   9,  12), (   8,  11), (   5,   8), (  12,  15), (  25,   1), (  22,  25), (  15,  18), (   2,   5), (  26,   2), (   3,   6), (   4,   7), (  17,  20), (   1,   4), (  19,  22), (   7,  10), (  21,  24), (  10,  13), (  16,  19), (  18,  21), (  14,  17), (  20,  23), (  11,  14)]
[(  22,  26), (  17,  21), (   6,  10), (   7,  11), (  14,  18), (  19,  23), (   1,   5), (  11,  15), (  20,  24), (   4,   8), (  18,  22), (  10,  14), (  16,  20), (  21,  25), (  26,   3), (   9,  13), (  12,  16), (  24,   1), (  13,  17), (   2,   6), (   8,  12), (  25,   2), (  15,  19), (   3,   7), (   5,   9)]
[(   8,  13), (  10,  15), (  24,   2), (  20,  25), (  23,   1), (  21,  26), (  14,  19), (  19,  24), (  16,  21), (  17,  22), (  25,   3), (   3,   8), (   2,   7), (   1,   6), (  18,  23), (   6,  11), (   4,   9), (  12,  17), (  26,   4), (   7,  12), (  15,  20), (  11,  16), (   5,  10), (   9,  14), (  13,  18)]
[(  18,  24), (  25,   4), (  19,  25), (  15,  21), (  13,  19), (  16,  22), (  24,   3), (  17,  23), (   1,   7), (   6,  12), (  20,  26), (  22,   1), (  12,  18), (  10,  16), (   4,  10), (  14,  20), (  23,   2), (   8,  14), (   9,  15), (   5,  11), (  26,   5), (   3,   9), (   7,  13), (  11,  17), (   2,   8)]
[(  16,  23), (  12,  19), (  11,  18), (  10,  17), (   9,  16), (  18,  25), (  22,   2), (  13,  20), (   4,  11), (  25,   5), (  14,  21), (  17,  24), (  19,  26), (   5,  12), (  21,   1), (   3,  10), (   8,  15), (  23,   3), (   7,  14), (  24,   4), (   6,  13), (   1,   8), (   2,   9), (  26,   6), (  15,  22)]
[(  11,  19), (  24,   5), (   1,   9), (  14,  22), (   4,  12), (   3,  11), (  17,  25), (  10,  18), (  15,  23), (  20,   1), (  16,  24), (   7,  15), (  23,   4), (  22,   3), (   6,  14), (  21,   2), (  26,   7), (  13,  21), (   2,  10), (  18,  26), (   9,  17), (   5,  13), (  25,   6), (   8,  16), (  12,  20)]
[(  12,  21), (  13,  22), (   8,  17), (  24,   6), (  20,   2), (   4,  13), (   9,  18), (   7,  16), (  26,   8), (  21,   3), (  10,  19), (  11,  20), (  15,  24), (  17,  26), (   2,  11), (  23,   5), (   5,  14), (  16,  25), (   3,  12), (  14,  23), (  25,   7), (   6,  15), (  22,   4), (  19,   1), (   1,  10)]
[(  10,  20), (   6,  16), (   5,  15), (  13,  23), (  15,  25), (  14,  24), (  16,  26), (  21,   4), (   3,  13), (  19,   2), (   7,  17), (  23,   6), (  22,   5), (   9,  19), (  12,  22), (   8,  18), (  11,  21), (  26,   9), (   1,  11), (  25,   8), (  18,   1), (   4,  14), (  20,   3), (   2,  12), (  24,   7)]
[(  14,  25), (   7,  18), (  12,  23), (   8,  19), (  10,  21), (   9,  20), (  20,   4), (  22,   6), (  18,   2), (  23,   7), (   4,  15), (  25,   9), (  17,   1), (   2,  13), (  24,   8), (  15,  26), (  13,  24), (  11,  22), (   5,  16), (  19,   3), (   3,  14), (  26,  10), (   1,  12), (  21,   5), (   6,  17)]
[(   3,  15), (   8,  20), (  14,  26), (  18,   3), (  22,   7), (  17,   2), (  21,   6), (   2,  14), (   5,  17), (  24,   9), (   1,  13), (   4,  16), (   9,  21), (  23,   8), (  13,  25), (   7,  19), (  25,  10), (  20,   5), (   6,  18), (  16,   1), (  11,  23), (  12,  24), (  26,  11), (  10,  22), (  19,   4)]
[(   4,  17), (   1,  14), (  21,   7), (  16,   2), (  17,   3), (  15,   1), (  10,  23), (  26,  12), (   6,  19), (  13,  26), (  23,   9), (   5,  18), (  25,  11), (  11,  24), (  19,   5), (  12,  25), (  20,   6), (   2,  15), (  22,   8), (   9,  22), (  24,  10), (   7,  20), (   8,  21), (  18,   4), (   3,  16)]