[(   1,   2), (   2,   3), (   3,   4), (   4,   5), (   5,   6), (   6,   7), (   7,   8), (   8,   9), (   9,  10), (  10,  11), (  11,  12), (  12,  13), (  13,  14), (  14,  15), (  15,  16), (  16,  17), (  17,  18), (  18,  19), (  19,  20), (  20,  21), (  21,  22)]
[(  16,  18), (   7,   9), (  14,  16), (   6,   8), (  18,  20), (  11,  13), (   1,   3), (   4,   6), (  20,  22), (  17,  19), (   8,  10), (  15,  17), (   2,   4), (  19,  21), (   5,   7), (  10,  12), (  12,  14), (  13,  15), (   9,  11), (  22,   1), (   3,   5)]
[(  19,  22), (  13,  16), (  18,  21), (  11,  14), (   9,  12), (  17,  20), (  14,  17), (   7,  10), (   1,   4), (  22,   2), (  21,   1), (   5,   8), (  12,  15), (   2,   5), (   3,   6), (  15,  18), (  10,  13), (   6,   9), (   4,   7), (   8,  11), (  16,  19)]
[(   7,  11), (   8,  12), (   5,   9), (  12,  16), (  15,  19), (  18,  22), (   6,  10), (  20,   1), (  11,  15), (   9,  13), (  22,   3), (  21,   2), (  17,  21), (  16,  20), (  10,  14), (   2,   6), (   3,   7), (   1,   5), (  13,  17), (  14,  18), (   4,   8)]
[(  10,  15), (  22,   4), (   6,  11), (  15,  20), (  16,  21), (   4,   9), (  20,   2), (  13,  18), (   8,  13), (   7,  12), (   9,  14), (  11,  16), (   1,   6), (   3,   8), (  17,  22), (  14,  19), (  19,   1), (  21,   3), (   5,  10), (   2,   7), (  12,  17)]
[(   8,  14), (  14,  20), (  13,  19), (   1,   7), (   4,  10), (  15,  21), (  16,  22), (  11,  17), (   6,  12), (  20,   3), (  19,   2), (   3,   9), (   5,  11), (   7,  13), (  12,  18), (  22,   5), (  21,   4), (   2,   8), (  18,   1), (  10,  16), (   9,  15)]
[(   6,  13), (  17,   1), (  15,  22), (  18,   2), (   1,   8), (   3,  10), (  12,  19), (  19,   3), (  14,  21), (  21,   5), (  13,  20), (  20,   4), (   9,  16), (  11,  18), (   2,   9), (   4,  11), (  22,   6), (  10,  17), (   8,  15), (   5,  12), (   7,  14)]
[(  20,   5), (  11,  19), (   2,  10), (  13,  21), (   3,  11), (  16,   1), (   5,  13), (  14,  22), (  17,   2), (   6,  14), (   7,  15), (  22,   7), (  18,   3), (   4,  12), (  19,   4), (   1,   9), (   8,  16), (  12,  20), (  21,   6), (   9,  17), (  10,  18)]
[(   3,  12), (   6,  15), (   8,  17), (  17,   3), (  13,  22), (   5,  14), (   9,  18), (  12,  21), (  19,   5), (  15,   1), (  18,   4), (  10,  19), (  22,   8), (   1,  10), (  11,  20), (  21,   7), (   2,  11), (   7,  16), (  16,   2), (   4,  13), (  20,   6)]
[(  17,   4), (  18,   5), (  20,   7), (   9,  19), (   7,  17), (   2,  12), (  11,  21), (  15,   2), (  16,   3), (   8,  18), (   6,  16), (  14,   1), (  10,  20), (  22,   9), (  21,   8), (   3,  13), (   5,  15), (   4,  14), (  12,  22), (  19,   6), (   1,  11)]
[(  21,   9), (  10,  21), (   1,  12), (  22,  10), (  14,   2), (   8,  19), (   4,  15), (   5,  16), (   7,  18), (  16,   4), (  17,   5), (  18,   6), (  19,   7), (   6,  17), (  13,   1), (  20,   8), (   9,  20), (  11,  22), (   3,  14), (  15,   3), (   2,  13)]