[(   1,   2), (   2,   3), (   3,   4), (   4,   5), (   5,   6), (   6,   7), (   7,   8), (   8,   9), (   9,  10), (  10,  11), (  11,  12), (  12,  13), (  13,  14), (  14,  15), (  15,  16), (  16,  17), (  17,  18), (  18,  19), (  19,  20), (  20,  21), (  21,  22), (  22,  23), (  23,  24)]
[(   7,   9), (  11,  13), (   8,  10), (  17,  19), (   2,   4), (  19,  21), (   9,  11), (   5,   7), (  13,  15), (  20,  22), (   1,   3), (  24,   1), (  22,  24), (   3,   5), (  10,  12), (  18,  20), (  14,  16), (   4,   6), (  21,  23), (   6,   8), (  15,  17), (  12,  14), (  16,  18)]
[(  14,  17), (  21,  24), (  18,  21), (   6,   9), (  15,  18), (   5,   8), (  10,  13), (  24,   2), (  20,  23), (  13,  16), (  19,  22), (  11,  14), (   3,   6), (   9,  12), (   2,   5), (  23,   1), (  12,  15), (  17,  20), (   7,  10), (  16,  19), (   4,   7), (   1,   4), (   8,  11)]
[(  20,  24), (   8,  12), (  16,  20), (  18,  22), (   7,  11), (  12,  16), (  24,   3), (  19,  23), (   4,   8), (  15,  19), (  10,  14), (  23,   2), (  11,  15), (   6,  10), (  17,  21), (   2,   6), (  22,   1), (   9,  13), (  14,  18), (   3,   7), (   5,   9), (  13,  17), (   1,   5)]
[(   6,  11), (  18,  23), (  12,  17), (   3,   8), (   9,  14), (  23,   3), (  15,  20), (  16,  21), (  19,  24), (   7,  12), (  24,   4), (  10,  15), (  21,   1), (  13,  18), (   1,   6), (   4,   9), (   5,  10), (  22,   2), (  11,  16), (  17,  22), (   8,  13), (   2,   7), (  14,  19)]
[(  15,  21), (  10,  16), (   1,   7), (   7,  13), (  13,  19), (  11,  17), (  17,  23), (  14,  20), (  16,  22), (  24,   5), (  21,   2), (  22,   3), (  23,   4), (  20,   1), (   3,   9), (   5,  11), (   2,   8), (   8,  14), (   6,  12), (  12,  18), (  18,  24), (   9,  15), (   4,  10)]
[(   5,  12), (  15,  22), (  24,   6), (  14,  21), (  16,  23), (  20,   2), (  22,   4), (  10,  17), (   7,  14), (   1,   8), (   6,  13), (   9,  16), (  12,  19), (  17,  24), (  11,  18), (   8,  15), (  21,   3), (  23,   5), (   2,   9), (   4,  11), (  19,   1), (   3,  10), (  13,  20)]
[(   8,  16), (   1,   9), (  11,  19), (  12,  20), (  20,   3), (  10,  18), (  18,   1), (   4,  12), (   3,  11), (  23,   6), (  15,  23), (  21,   4), (   2,  10), (  19,   2), (  14,  22), (  13,  21), (  24,   7), (   7,  15), (  22,   5), (   5,  13), (   6,  14), (  16,  24), (   9,  17)]
[(  19,   3), (   5,  14), (  14,  23), (  15,  24), (  17,   1), (  13,  22), (  12,  21), (   6,  15), (  21,   5), (  18,   2), (   9,  18), (   8,  17), (   7,  16), (  23,   7), (  20,   4), (  10,  19), (   4,  13), (   3,  12), (  24,   8), (   1,  10), (   2,  11), (  11,  20), (  22,   6)]
[(  13,  23), (  19,   4), (   5,  15), (   1,  11), (  12,  22), (  24,   9), (   6,  16), (  18,   3), (  17,   2), (   4,  14), (   7,  17), (  20,   5), (   8,  18), (  11,  21), (  23,   8), (  22,   7), (   9,  19), (  16,   1), (   3,  13), (  14,  24), (  10,  20), (  21,   6), (   2,  12)]
[(  18,   4), (   6,  17), (   2,  13), (  16,   2), (  24,  10), (   4,  15), (  19,   5), (  11,  22), (   1,  12), (  17,   3), (   5,  16), (   7,  18), (   9,  20), (  22,   8), (  13,  24), (   3,  14), (  20,   6), (  10,  21), (  15,   1), (  23,   9), (  12,  23), (   8,  19), (  21,   7)]
[(  10,  22), (  20,   7), (  22,   9), (  23,  10), (  21,   8), (  14,   1), (   2,  14), (   1,  13), (   6,  18), (   9,  21), (   8,  20), (  19,   6), (   5,  17), (   4,  16), (   7,  19), (  12,  24), (  11,  23), (  24,  11), (  17,   4), (  15,   2), (  16,   3), (  18,   5), (   3,  15)]