[(   1,   2), (   2,   3), (   3,   4), (   4,   5), (   5,   6), (   6,   7), (   7,   8), (   8,   9), (   9,  10), (  10,  11), (  11,  12), (  12,  13), (  13,  14), (  14,  15), (  15,  16), (  16,  17), (  17,  18), (  18,  19), (  19,  20), (  20,  21), (  21,  22), (  22,  23), (  23,  24)]
[(  21,  23), (  19,  21), (  17,  19), (  16,  18), (  11,  13), (   1,   3), (  14,  16), (  13,  15), (   5,   7), (  15,  17), (   3,   5), (  24,   1), (  20,  22), (   8,  10), (  18,  20), (  10,  12), (   9,  11), (  22,  24), (  12,  14), (   7,   9), (   6,   8), (   4,   6), (   2,   4)]
[(   7,  10), (  10,  13), (   5,   8), (   8,  11), (  23,   1), (  16,  19), (   9,  12), (   2,   5), (   3,   6), (   1,   4), (  18,  21), (  11,  14), (   4,   7), (  21,  24), (  19,  22), (  20,  23), (  13,  16), (   6,   9), (  24,   2), (  14,  17), (  17,  20), (  12,  15), (  15,  18)]
[(  11,  15), (  18,  22), (  22,   1), (   9,  13), (  14,  18), (  17,  21), (  19,  23), (  20,  24), (  13,  17), (  16,  20), (  15,  19), (  23,   2), (   6,  10), (   5,   9), (   8,  12), (   1,   5), (   2,   6), (   4,   8), (   7,  11), (  12,  16), (  24,   3), (   3,   7), (  10,  14)]
[(   3,   8), (   7,  12), (  15,  20), (  21,   1), (   4,   9), (  22,   2), (   6,  11), (  12,  17), (  19,  24), (   2,   7), (   9,  14), (  10,  15), (  11,  16), (  18,  23), (   1,   6), (   8,  13), (  14,  19), (  23,   3), (  16,  21), (  24,   4), (   5,  10), (  13,  18), (  17,  22)]
[(  18,  24), (   8,  14), (  12,  18), (  14,  20), (  15,  21), (   9,  15), (  20,   1), (  23,   4), (  16,  22), (  13,  19), (   2,   8), (  22,   3), (  17,  23), (   6,  12), (   3,   9), (  21,   2), (  24,   5), (  10,  16), (   4,  10), (   5,  11), (   7,  13), (  11,  17), (   1,   7)]
[(  12,  19), (  23,   5), (   2,   9), (  24,   6), (  10,  17), (  13,  20), (  15,  22), (   7,  14), (   1,   8), (  14,  21), (  22,   4), (   9,  16), (  21,   3), (   4,  11), (  17,  24), (  11,  18), (   3,  10), (   5,  12), (   8,  15), (  19,   1), (  16,  23), (  20,   2), (   6,  13)]
[(  14,  22), (   9,  17), (   6,  14), (   7,  15), (  20,   3), (   4,  12), (   2,  10), (  18,   1), (  12,  20), (  23,   6), (  16,  24), (  21,   4), (   1,   9), (  19,   2), (   5,  13), (  24,   7), (  15,  23), (  13,  21), (  22,   5), (  10,  18), (  11,  19), (   8,  16), (   3,  11)]
[(   4,  13), (  15,  24), (   7,  16), (  19,   3), (  24,   8), (   5,  14), (  21,   5), (  10,  19), (  14,  23), (   3,  12), (  23,   7), (   8,  17), (  18,   2), (  13,  22), (   2,  11), (   6,  15), (  20,   4), (  11,  20), (  17,   1), (  22,   6), (   9,  18), (   1,  10), (  12,  21)]
[(   6,  16), (   1,  11), (  13,  23), (  17,   2), (  12,  22), (   8,  18), (  18,   3), (  21,   6), (  11,  21), (  24,   9), (  10,  20), (  20,   5), (   5,  15), (  16,   1), (   4,  14), (  19,   4), (  22,   7), (   7,  17), (   3,  13), (  23,   8), (   2,  12), (  14,  24), (   9,  19)]
[(   9,  20), (  20,   6), (  10,  21), (  12,  23), (  16,   2), (  24,  10), (  13,  24), (  11,  22), (  18,   4), (  22,   8), (   6,  17), (   7,  18), (   8,  19), (  17,   3), (  21,   7), (   3,  14), (   1,  12), (  15,   1), (  23,   9), (   2,  13), (   4,  15), (  19,   5), (   5,  16)]
[(   5,  17), (   4,  16), (  24,  11), (  10,  22), (   7,  19), (  11,  23), (  17,   4), (  16,   3), (  15,   2), (  18,   5), (   1,  13), (  19,   6), (  12,  24), (  20,   7), (  23,  10), (  22,   9), (  21,   8), (   2,  14), (   6,  18), (   3,  15), (  14,   1), (   9,  21), (   8,  20)]