[(   1,   2), (   2,   3), (   3,   4), (   4,   5), (   5,   6), (   6,   7), (   7,   8), (   8,   9), (   9,  10), (  10,  11), (  11,  12), (  12,  13), (  13,  14), (  14,  15), (  15,  16), (  16,  17), (  17,  18), (  18,  19), (  19,  20), (  20,  21), (  21,  22), (  22,  23), (  23,  24)]
[(   4,   6), (   8,  10), (  17,  19), (  20,  22), (  22,  24), (  18,  20), (   2,   4), (  12,  14), (  13,  15), (  14,  16), (  16,  18), (  24,   1), (   7,   9), (   9,  11), (  10,  12), (  11,  13), (  21,  23), (   5,   7), (   1,   3), (   3,   5), (   6,   8), (  15,  17), (  19,  21)]
[(  17,  20), (  21,  24), (   9,  12), (  12,  15), (   4,   7), (  14,  17), (   6,   9), (   7,  10), (   2,   5), (   3,   6), (  24,   2), (  11,  14), (  23,   1), (  19,  22), (  20,  23), (  15,  18), (  16,  19), (   8,  11), (  18,  21), (  10,  13), (  13,  16), (   1,   4), (   5,   8)]
[(   8,  12), (  18,  22), (  10,  14), (   6,  10), (  14,  18), (   1,   5), (  16,  20), (  19,  23), (  12,  16), (  17,  21), (  22,   1), (  23,   2), (  24,   3), (   4,   8), (   9,  13), (   2,   6), (   5,   9), (  20,  24), (   7,  11), (  15,  19), (  11,  15), (   3,   7), (  13,  17)]
[(  23,   3), (   7,  12), (   1,   6), (  18,  23), (  15,  20), (   4,   9), (  17,  22), (  11,  16), (  21,   1), (   8,  13), (  14,  19), (  10,  15), (   6,  11), (  12,  17), (  24,   4), (   9,  14), (   3,   8), (  16,  21), (   5,  10), (   2,   7), (  19,  24), (  13,  18), (  22,   2)]
[(  10,  16), (  13,  19), (  18,  24), (   2,   8), (  11,  17), (  15,  21), (  12,  18), (  21,   2), (  14,  20), (  24,   5), (   3,   9), (  22,   3), (  16,  22), (  20,   1), (   5,  11), (  23,   4), (   7,  13), (   4,  10), (   8,  14), (  17,  23), (   1,   7), (   6,  12), (   9,  15)]
[(  11,  18), (  23,   5), (  13,  20), (  14,  21), (   2,   9), (  12,  19), (  19,   1), (  17,  24), (  22,   4), (  15,  22), (   8,  15), (   9,  16), (  10,  17), (   3,  10), (  21,   3), (   1,   8), (  24,   6), (   6,  13), (  16,  23), (   4,  11), (   5,  12), (  20,   2), (   7,  14)]
[(   7,  15), (   9,  17), (  15,  23), (  11,  19), (  13,  21), (   3,  11), (   5,  13), (  22,   5), (  24,   7), (   1,   9), (  23,   6), (  21,   4), (  19,   2), (  16,  24), (  18,   1), (  20,   3), (  12,  20), (  14,  22), (   4,  12), (   6,  14), (   2,  10), (   8,  16), (  10,  18)]
[(  13,  22), (  11,  20), (   2,  11), (   7,  16), (  10,  19), (  24,   8), (  15,  24), (  20,   4), (  19,   3), (  18,   2), (   4,  13), (   8,  17), (  12,  21), (  23,   7), (  22,   6), (  21,   5), (   1,  10), (  17,   1), (   6,  15), (   9,  18), (  14,  23), (   5,  14), (   3,  12)]
[(  14,  24), (   6,  16), (  22,   7), (  24,   9), (  23,   8), (  13,  23), (  11,  21), (   3,  13), (   8,  18), (  19,   4), (  10,  20), (  20,   5), (   5,  15), (  21,   6), (   7,  17), (  12,  22), (   4,  14), (   2,  12), (  17,   2), (  16,   1), (  18,   3), (   9,  19), (   1,  11)]
[(  19,   5), (   4,  15), (   5,  16), (  17,   3), (   1,  12), (  16,   2), (   3,  14), (  15,   1), (   6,  17), (  12,  23), (  21,   7), (   7,  18), (  18,   4), (   2,  13), (   8,  19), (  24,  10), (  11,  22), (  23,   9), (  13,  24), (  22,   8), (   9,  20), (  10,  21), (  20,   6)]
[(   9,  21), (  14,   1), (  21,   8), (   1,  13), (  16,   3), (  10,  22), (  23,  10), (   6,  18), (  11,  23), (  20,   7), (   5,  17), (  19,   6), (   8,  20), (  18,   5), (   2,  14), (   7,  19), (  15,   2), (   3,  15), (  22,   9), (  12,  24), (  17,   4), (  24,  11), (   4,  16)]