[(   1,   2), (   2,   3), (   3,   4), (   4,   5), (   5,   6), (   6,   7), (   7,   8), (   8,   9), (   9,  10), (  10,  11), (  11,  12), (  12,  13), (  13,  14), (  14,  15), (  15,  16), (  16,  17), (  17,  18), (  18,  19), (  19,  20), (  20,  21), (  21,  22), (  22,  23), (  23,  24)]
[(   4,   6), (  15,  17), (  14,  16), (  13,  15), (  11,  13), (  22,  24), (  20,  22), (  16,  18), (   6,   8), (   5,   7), (  21,  23), (  24,   1), (   2,   4), (  18,  20), (  17,  19), (   7,   9), (   3,   5), (   1,   3), (  12,  14), (  10,  12), (   9,  11), (   8,  10), (  19,  21)]
[(  10,  13), (   4,   7), (  20,  23), (   9,  12), (  17,  20), (  23,   1), (  14,  17), (  21,  24), (  15,  18), (  16,  19), (   3,   6), (  11,  14), (  19,  22), (   6,   9), (   7,  10), (   1,   4), (   8,  11), (  24,   2), (   5,   8), (  13,  16), (   2,   5), (  18,  21), (  12,  15)]
[(  14,  18), (   1,   5), (  15,  19), (  17,  21), (   8,  12), (   9,  13), (   5,   9), (  10,  14), (  19,  23), (  22,   1), (  18,  22), (  23,   2), (   3,   7), (  24,   3), (   2,   6), (  11,  15), (  16,  20), (  12,  16), (  13,  17), (   4,   8), (   6,  10), (  20,  24), (   7,  11)]
[(  16,  21), (   9,  14), (  17,  22), (  19,  24), (  24,   4), (  15,  20), (  18,  23), (   6,  11), (  22,   2), (  13,  18), (   8,  13), (  10,  15), (  12,  17), (   7,  12), (  23,   3), (  14,  19), (   2,   7), (   5,  10), (  21,   1), (   1,   6), (   3,   8), (  11,  16), (   4,   9)]
[(   9,  15), (  16,  22), (   6,  12), (   2,   8), (   1,   7), (  11,  17), (   4,  10), (   7,  13), (   5,  11), (  21,   2), (  24,   5), (  22,   3), (  20,   1), (  23,   4), (  14,  20), (  12,  18), (  15,  21), (   8,  14), (  18,  24), (  17,  23), (  13,  19), (   3,   9), (  10,  16)]
[(  17,  24), (  13,  20), (   2,   9), (   3,  10), (  14,  21), (  21,   3), (   6,  13), (  20,   2), (   7,  14), (   8,  15), (  19,   1), (   9,  16), (  24,   6), (  10,  17), (  11,  18), (  23,   5), (  12,  19), (  22,   4), (   4,  11), (  15,  22), (  16,  23), (   5,  12), (   1,   8)]
[(   3,  11), (  11,  19), (   5,  13), (  18,   1), (  15,  23), (  10,  18), (  16,  24), (  22,   5), (  13,  21), (  23,   6), (   9,  17), (  21,   4), (   8,  16), (  19,   2), (   4,  12), (  20,   3), (   1,   9), (   7,  15), (   2,  10), (  24,   7), (  12,  20), (   6,  14), (  14,  22)]
[(  23,   7), (  12,  21), (   1,  10), (  14,  23), (  10,  19), (   5,  14), (  19,   3), (  17,   1), (  20,   4), (   3,  12), (   7,  16), (   8,  17), (   9,  18), (  13,  22), (  21,   5), (  24,   8), (  22,   6), (  11,  20), (   6,  15), (   2,  11), (  15,  24), (   4,  13), (  18,   2)]
[(  12,  22), (  23,   8), (   8,  18), (   6,  16), (  18,   3), (   2,  12), (  11,  21), (  19,   4), (  16,   1), (  14,  24), (  10,  20), (  20,   5), (   5,  15), (   1,  11), (  24,   9), (  21,   6), (   4,  14), (  13,  23), (  22,   7), (   9,  19), (   7,  17), (  17,   2), (   3,  13)]
[(  19,   5), (  24,  10), (  21,   7), (  11,  22), (  16,   2), (   8,  19), (   1,  12), (  12,  23), (  17,   3), (   9,  20), (   4,  15), (   7,  18), (  10,  21), (   5,  16), (  22,   8), (   2,  13), (  13,  24), (   6,  17), (  23,   9), (   3,  14), (  18,   4), (  15,   1), (  20,   6)]
[(   8,  20), (   6,  18), (  24,  11), (  20,   7), (  22,   9), (   4,  16), (  15,   2), (   3,  15), (  12,  24), (  17,   4), (   2,  14), (  19,   6), (  11,  23), (  21,   8), (   1,  13), (  10,  22), (  23,  10), (   9,  21), (  16,   3), (  18,   5), (  14,   1), (   7,  19), (   5,  17)]