[(   1,   2), (   2,   3), (   3,   4), (   4,   5), (   5,   6), (   6,   7), (   7,   8), (   8,   9), (   9,  10), (  10,  11), (  11,  12), (  12,  13), (  13,  14), (  14,  15), (  15,  16), (  16,  17), (  17,  18), (  18,  19), (  19,  20), (  20,  21), (  21,  22), (  22,  23), (  23,  24)]
[(   9,  11), (   7,   9), (   6,   8), (  18,  20), (  15,  17), (  20,  22), (  21,  23), (  10,  12), (  12,  14), (   4,   6), (   1,   3), (  24,   1), (  22,  24), (  19,  21), (  11,  13), (  13,  15), (   2,   4), (   3,   5), (   8,  10), (   5,   7), (  17,  19), (  16,  18), (  14,  16)]
[(  18,  21), (  12,  15), (   9,  12), (   8,  11), (  21,  24), (  23,   1), (   2,   5), (   3,   6), (  15,  18), (  16,  19), (  17,  20), (  11,  14), (   5,   8), (   6,   9), (   7,  10), (  19,  22), (  20,  23), (  24,   2), (   1,   4), (  14,  17), (  13,  16), (  10,  13), (   4,   7)]
[(  24,   3), (  16,  20), (  11,  15), (  12,  16), (   8,  12), (  17,  21), (  15,  19), (  14,  18), (   3,   7), (  20,  24), (  19,  23), (  23,   2), (   2,   6), (   1,   5), (  18,  22), (   7,  11), (   6,  10), (   4,   8), (  13,  17), (   9,  13), (  10,  14), (   5,   9), (  22,   1)]
[(  15,  20), (  19,  24), (  17,  22), (  22,   2), (  13,  18), (  11,  16), (   6,  11), (  16,  21), (  21,   1), (   2,   7), (   8,  13), (  10,  15), (  12,  17), (  18,  23), (  24,   4), (   4,   9), (  14,  19), (   9,  14), (   7,  12), (  23,   3), (   3,   8), (   1,   6), (   5,  10)]
[(   7,  13), (  17,  23), (  18,  24), (  15,  21), (  23,   4), (   8,  14), (  14,  20), (  20,   1), (  13,  19), (   9,  15), (  16,  22), (  22,   3), (   3,   9), (  10,  16), (   6,  12), (  24,   5), (   5,  11), (  11,  17), (  21,   2), (   4,  10), (   1,   7), (   2,   8), (  12,  18)]
[(  10,  17), (   4,  11), (  19,   1), (   6,  13), (   7,  14), (   5,  12), (   3,  10), (  23,   5), (  22,   4), (   1,   8), (   2,   9), (   9,  16), (  16,  23), (  17,  24), (  21,   3), (  20,   2), (  15,  22), (  13,  20), (  11,  18), (  12,  19), (  24,   6), (  14,  21), (   8,  15)]
[(  23,   6), (   5,  13), (  13,  21), (  24,   7), (  20,   3), (   2,  10), (   9,  17), (  11,  19), (  16,  24), (  14,  22), (   7,  15), (  21,   4), (  10,  18), (   3,  11), (   1,   9), (   6,  14), (   8,  16), (  15,  23), (  22,   5), (  18,   1), (   4,  12), (  12,  20), (  19,   2)]
[(   5,  14), (  22,   6), (  23,   7), (  17,   1), (  10,  19), (   9,  18), (  13,  22), (  15,  24), (   2,  11), (  12,  21), (  21,   5), (   8,  17), (  20,   4), (   4,  13), (  14,  23), (   1,  10), (   3,  12), (   7,  16), (   6,  15), (  24,   8), (  18,   2), (  19,   3), (  11,  20)]
[(  12,  22), (   8,  18), (  10,  20), (   9,  19), (   1,  11), (  19,   4), (  16,   1), (  22,   7), (  23,   8), (  13,  23), (   4,  14), (  20,   5), (  11,  21), (   2,  12), (  17,   2), (  18,   3), (  24,   9), (  21,   6), (  14,  24), (   6,  16), (   5,  15), (   7,  17), (   3,  13)]
[(   8,  19), (  10,  21), (   5,  16), (   3,  14), (  16,   2), (  13,  24), (  18,   4), (   2,  13), (  20,   6), (  17,   3), (  24,  10), (   7,  18), (  15,   1), (  22,   8), (  19,   5), (  12,  23), (  21,   7), (   1,  12), (  23,   9), (  11,  22), (   9,  20), (   4,  15), (   6,  17)]
[(   4,  16), (  14,   1), (   2,  14), (  23,  10), (  22,   9), (   3,  15), (  12,  24), (  17,   4), (   5,  17), (  18,   5), (   6,  18), (  19,   6), (   7,  19), (  20,   7), (   8,  20), (  21,   8), (   1,  13), (  10,  22), (  16,   3), (  15,   2), (  11,  23), (  24,  11), (   9,  21)]